reg,date_de_passage,sursaud_cl_age_corona,nbre_pass_corona,nbre_pass_tot,nbre_hospit_corona,nbre_pass_corona_h,nbre_pass_corona_f,nbre_pass_tot_h,nbre_pass_tot_f,nbre_hospit_corona_h,nbre_hospit_corona_f,nbre_acte_corona,nbre_acte_tot,nbre_acte_corona_h,nbre_acte_corona_f,nbre_acte_tot_h,nbre_acte_tot_f
01,2020-02-24,0,,300.00,,,,148.00,152.00,,,,,,,,
01,2020-02-24,A,,75.00,,,,,,,,,,,,,
01,2020-02-24,B,,102.00,,,,,,,,,,,,,
01,2020-02-24,C,,68.00,,,,,,,,,,,,,
01,2020-02-24,D,,20.00,,,,,,,,,,,,,
01,2020-02-24,E,,35.00,,,,,,,,,,,,,
02,2020-02-24,0,,,,,,,,,,,105.00,,,31.00,74.00
02,2020-02-24,A,,,,,,,,,,,28.00,,,,
02,2020-02-24,B,,,,,,,,,,,28.00,,,,
02,2020-02-24,C,,,,,,,,,,,25.00,,,,
02,2020-02-24,D,,,,,,,,,,,9.00,,,,
02,2020-02-24,E,,,,,,,,,,,15.00,,,,
03,2020-02-24,0,,268.00,,,,154.00,114.00,,,,,,,,
03,2020-02-24,A,,83.00,,,,,,,,,,,,,
03,2020-02-24,B,,120.00,,,,,,,,,,,,,
03,2020-02-24,C,,43.00,,,,,,,,,,,,,
03,2020-02-24,D,,17.00,,,,,,,,,,,,,
03,2020-02-24,E,,5.00,,,,,,,,,,,,,
04,2020-02-24,0,,579.00,,,,298.00,281.00,,,,,,,,
04,2020-02-24,A,,155.00,,,,,,,,,,,,,
04,2020-02-24,B,,197.00,,,,,,,,,,,,,
04,2020-02-24,C,,132.00,,,,,,,,,,,,,
04,2020-02-24,D,,46.00,,,,,,,,,,,,,
04,2020-02-24,E,,49.00,,,,,,,,,,,,,
06,2020-02-24,0,,142.00,,,,85.00,57.00,,,,,,,,
06,2020-02-24,A,,47.00,,,,,,,,,,,,,
06,2020-02-24,B,,75.00,,,,,,,,,,,,,
06,2020-02-24,C,,14.00,,,,,,,,,,,,,
06,2020-02-24,D,,5.00,,,,,,,,,,,,,
06,2020-02-24,E,,1.00,,,,,,,,,,,,,
07,2020-02-24,0,,33.00,,,,20.00,13.00,,,,,,,,
07,2020-02-24,A,,4.00,,,,,,,,,,,,,
07,2020-02-24,B,,17.00,,,,,,,,,,,,,
07,2020-02-24,C,,10.00,,,,,,,,,,,,,
07,2020-02-24,D,,2.00,,,,,,,,,,,,,
07,2020-02-24,E,,,,,,,,,,,,,,,
08,2020-02-24,0,,49.00,,,,25.00,24.00,,,,,,,,
08,2020-02-24,A,,8.00,,,,,,,,,,,,,
08,2020-02-24,B,,19.00,,,,,,,,,,,,,
08,2020-02-24,C,,14.00,,,,,,,,,,,,,
08,2020-02-24,D,,5.00,,,,,,,,,,,,,
08,2020-02-24,E,,3.00,,,,,,,,,,,,,
11,2020-02-24,0,,8870.00,,,,4519.00,4350.00,,,,2391.00,,,1055.00,1333.00
11,2020-02-24,A,,2147.00,,,,,,,,,655.00,,,,
11,2020-02-24,B,,3620.00,,,,,,,,,1043.00,,,,
11,2020-02-24,C,,1660.00,,,,,,,,,434.00,,,,
11,2020-02-24,D,,592.00,,,,,,,,,100.00,,,,
11,2020-02-24,E,,851.00,,,,,,,,,138.00,,,,
24,2020-02-24,0,,1734.00,,,,894.00,840.00,,,,517.00,,,239.00,278.00
24,2020-02-24,A,,294.00,,,,,,,,,99.00,,,,
24,2020-02-24,B,,610.00,,,,,,,,,266.00,,,,
24,2020-02-24,C,,355.00,,,,,,,,,101.00,,,,
24,2020-02-24,D,,163.00,,,,,,,,,18.00,,,,
24,2020-02-24,E,,312.00,,,,,,,,,33.00,,,,
27,2020-02-24,0,,2486.00,,,,1340.00,1146.00,,,,410.00,,,205.00,205.00
27,2020-02-24,A,,510.00,,,,,,,,,130.00,,,,
27,2020-02-24,B,,814.00,,,,,,,,,163.00,,,,
27,2020-02-24,C,,484.00,,,,,,,,,66.00,,,,
27,2020-02-24,D,,252.00,,,,,,,,,22.00,,,,
27,2020-02-24,E,,426.00,,,,,,,,,29.00,,,,
28,2020-02-24,0,,2497.00,,,,1264.00,1233.00,,,,706.00,,,302.00,404.00
28,2020-02-24,A,,488.00,,,,,,,,,176.00,,,,
28,2020-02-24,B,,944.00,,,,,,,,,346.00,,,,
28,2020-02-24,C,,511.00,,,,,,,,,100.00,,,,
28,2020-02-24,D,,229.00,,,,,,,,,31.00,,,,
28,2020-02-24,E,,325.00,,,,,,,,,53.00,,,,
32,2020-02-24,0,,3843.00,,,,2009.00,1833.00,,,,1543.00,,,654.00,889.00
32,2020-02-24,A,,849.00,,,,,,,,,453.00,,,,
32,2020-02-24,B,,1450.00,,,,,,,,,740.00,,,,
32,2020-02-24,C,,724.00,,,,,,,,,229.00,,,,
32,2020-02-24,D,,313.00,,,,,,,,,56.00,,,,
32,2020-02-24,E,,507.00,,,,,,,,,54.00,,,,
44,2020-02-24,0,,3590.00,,,,1858.00,1731.00,,,,740.00,,,329.00,408.00
44,2020-02-24,A,,797.00,,,,,,,,,206.00,,,,
44,2020-02-24,B,,1213.00,,,,,,,,,304.00,,,,
44,2020-02-24,C,,715.00,,,,,,,,,128.00,,,,
44,2020-02-24,D,,327.00,,,,,,,,,34.00,,,,
44,2020-02-24,E,,538.00,,,,,,,,,64.00,,,,
52,2020-02-24,0,,1859.00,,,,966.00,893.00,,,,599.00,,,261.00,330.00
52,2020-02-24,A,,388.00,,,,,,,,,131.00,,,,
52,2020-02-24,B,,658.00,,,,,,,,,256.00,,,,
52,2020-02-24,C,,371.00,,,,,,,,,109.00,,,,
52,2020-02-24,D,,159.00,,,,,,,,,31.00,,,,
52,2020-02-24,E,,283.00,,,,,,,,,72.00,,,,
53,2020-02-24,0,,2087.00,,,,1095.00,992.00,,,,488.00,,,213.00,275.00
53,2020-02-24,A,,356.00,,,,,,,,,102.00,,,,
53,2020-02-24,B,,699.00,,,,,,,,,207.00,,,,
53,2020-02-24,C,,452.00,,,,,,,,,82.00,,,,
53,2020-02-24,D,,213.00,,,,,,,,,29.00,,,,
53,2020-02-24,E,,367.00,,,,,,,,,66.00,,,,
75,2020-02-24,0,,4260.00,,,,2301.00,1959.00,,,,1728.00,,,733.00,995.00
75,2020-02-24,A,,728.00,,,,,,,,,544.00,,,,
75,2020-02-24,B,,1442.00,,,,,,,,,713.00,,,,
75,2020-02-24,C,,822.00,,,,,,,,,253.00,,,,
75,2020-02-24,D,,451.00,,,,,,,,,74.00,,,,
75,2020-02-24,E,,817.00,,,,,,,,,143.00,,,,
76,2020-02-24,0,1.00,4666.00,,,1.00,2408.00,2258.00,,,,475.00,,,194.00,278.00
76,2020-02-24,A,,936.00,,,,,,,,,134.00,,,,
76,2020-02-24,B,1.00,1668.00,,,,,,,,,208.00,,,,
76,2020-02-24,C,,916.00,,,,,,,,,77.00,,,,
76,2020-02-24,D,,439.00,,,,,,,,,24.00,,,,
76,2020-02-24,E,,706.00,,,,,,,,,32.00,,,,
84,2020-02-24,0,,6493.00,,,,3437.00,3056.00,,,,1281.00,,,564.00,707.00
84,2020-02-24,A,,1523.00,,,,,,,,,404.00,,,,
84,2020-02-24,B,,2418.00,,,,,,,,,523.00,,,,
84,2020-02-24,C,,1221.00,,,,,,,,,159.00,,,,
84,2020-02-24,D,,535.00,,,,,,,,,62.00,,,,
84,2020-02-24,E,,796.00,,,,,,,,,128.00,,,,
93,2020-02-24,0,,4546.00,,,,2412.00,2132.00,,,,942.00,,,381.00,560.00
93,2020-02-24,A,,1055.00,,,,,,,,,228.00,,,,
93,2020-02-24,B,,1489.00,,,,,,,,,355.00,,,,
93,2020-02-24,C,,852.00,,,,,,,,,166.00,,,,
93,2020-02-24,D,,422.00,,,,,,,,,62.00,,,,
93,2020-02-24,E,,728.00,,,,,,,,,119.00,,,,
94,2020-02-24,0,,255.00,,,,154.00,101.00,,,,146.00,,,34.00,83.00
94,2020-02-24,A,,27.00,,,,,,,,,40.00,,,,
94,2020-02-24,B,,91.00,,,,,,,,,72.00,,,,
94,2020-02-24,C,,62.00,,,,,,,,,19.00,,,,
94,2020-02-24,D,,27.00,,,,,,,,,4.00,,,,
94,2020-02-24,E,,48.00,,,,,,,,,10.00,,,,
01,2020-02-25,0,,235.00,,,,113.00,122.00,,,,,,,,
01,2020-02-25,A,,84.00,,,,,,,,,,,,,
01,2020-02-25,B,,77.00,,,,,,,,,,,,,
01,2020-02-25,C,,36.00,,,,,,,,,,,,,
01,2020-02-25,D,,12.00,,,,,,,,,,,,,
01,2020-02-25,E,,26.00,,,,,,,,,,,,,
02,2020-02-25,0,,,,,,,,,,,109.00,,,35.00,74.00
02,2020-02-25,A,,,,,,,,,,,25.00,,,,
02,2020-02-25,B,,,,,,,,,,,33.00,,,,
02,2020-02-25,C,,,,,,,,,,,14.00,,,,
02,2020-02-25,D,,,,,,,,,,,15.00,,,,
02,2020-02-25,E,,,,,,,,,,,22.00,,,,
03,2020-02-25,0,,256.00,,,,131.00,125.00,,,,,,,,
03,2020-02-25,A,,83.00,,,,,,,,,,,,,
03,2020-02-25,B,,114.00,,,,,,,,,,,,,
03,2020-02-25,C,,38.00,,,,,,,,,,,,,
03,2020-02-25,D,,11.00,,,,,,,,,,,,,
03,2020-02-25,E,,10.00,,,,,,,,,,,,,
04,2020-02-25,0,,489.00,,,,262.00,227.00,,,,,,,,
04,2020-02-25,A,,124.00,,,,,,,,,,,,,
04,2020-02-25,B,,173.00,,,,,,,,,,,,,
04,2020-02-25,C,,99.00,,,,,,,,,,,,,
04,2020-02-25,D,,43.00,,,,,,,,,,,,,
04,2020-02-25,E,,50.00,,,,,,,,,,,,,
06,2020-02-25,0,,127.00,,,,54.00,73.00,,,,,,,,
06,2020-02-25,A,,47.00,,,,,,,,,,,,,
06,2020-02-25,B,,61.00,,,,,,,,,,,,,
06,2020-02-25,C,,13.00,,,,,,,,,,,,,
06,2020-02-25,D,,1.00,,,,,,,,,,,,,
06,2020-02-25,E,,5.00,,,,,,,,,,,,,
07,2020-02-25,0,,21.00,,,,15.00,6.00,,,,,,,,
07,2020-02-25,A,,1.00,,,,,,,,,,,,,
07,2020-02-25,B,,15.00,,,,,,,,,,,,,
07,2020-02-25,C,,3.00,,,,,,,,,,,,,
07,2020-02-25,D,,1.00,,,,,,,,,,,,,
07,2020-02-25,E,,1.00,,,,,,,,,,,,,
08,2020-02-25,0,,19.00,,,,10.00,9.00,,,,,,,,
08,2020-02-25,A,,5.00,,,,,,,,,,,,,
08,2020-02-25,B,,7.00,,,,,,,,,,,,,
08,2020-02-25,C,,6.00,,,,,,,,,,,,,
08,2020-02-25,D,,1.00,,,,,,,,,,,,,
08,2020-02-25,E,,,,,,,,,,,,,,,
11,2020-02-25,0,1.00,7789.00,,,1.00,3890.00,3898.00,,,,2107.00,,,908.00,1197.00
11,2020-02-25,A,,1822.00,,,,,,,,,573.00,,,,
11,2020-02-25,B,,3201.00,,,,,,,,,985.00,,,,
11,2020-02-25,C,1.00,1454.00,,,,,,,,,313.00,,,,
11,2020-02-25,D,,520.00,,,,,,,,,88.00,,,,
11,2020-02-25,E,,792.00,,,,,,,,,131.00,,,,
24,2020-02-25,0,,1640.00,,,,805.00,834.00,,,,480.00,,,233.00,247.00
24,2020-02-25,A,,331.00,,,,,,,,,109.00,,,,
24,2020-02-25,B,,566.00,,,,,,,,,244.00,,,,
24,2020-02-25,C,,338.00,,,,,,,,,79.00,,,,
24,2020-02-25,D,,140.00,,,,,,,,,23.00,,,,
24,2020-02-25,E,,265.00,,,,,,,,,25.00,,,,
27,2020-02-25,0,,2107.00,,,,1110.00,997.00,,,,356.00,,,161.00,194.00
27,2020-02-25,A,,413.00,,,,,,,,,106.00,,,,
27,2020-02-25,B,,692.00,,,,,,,,,122.00,,,,
27,2020-02-25,C,,376.00,,,,,,,,,64.00,,,,
27,2020-02-25,D,,232.00,,,,,,,,,23.00,,,,
27,2020-02-25,E,,394.00,,,,,,,,,41.00,,,,
28,2020-02-25,0,,2116.00,,,,1084.00,1032.00,,,,649.00,,,263.00,386.00
28,2020-02-25,A,,424.00,,,,,,,,,172.00,,,,
28,2020-02-25,B,,733.00,,,,,,,,,315.00,,,,
28,2020-02-25,C,,407.00,,,,,,,,,91.00,,,,
28,2020-02-25,D,,196.00,,,,,,,,,24.00,,,,
28,2020-02-25,E,,356.00,,,,,,,,,47.00,,,,
32,2020-02-25,0,,3378.00,,,,1735.00,1642.00,,,,1244.00,,,529.00,715.00
32,2020-02-25,A,,713.00,,,,,,,,,364.00,,,,
32,2020-02-25,B,,1248.00,,,,,,,,,605.00,,,,
32,2020-02-25,C,,610.00,,,,,,,,,181.00,,,,
32,2020-02-25,D,,293.00,,,,,,,,,51.00,,,,
32,2020-02-25,E,,513.00,,,,,,,,,37.00,,,,
44,2020-02-25,0,,3392.00,,,,1669.00,1723.00,,,,739.00,,,321.00,417.00
44,2020-02-25,A,,701.00,,,,,,,,,213.00,,,,
44,2020-02-25,B,,1174.00,,,,,,,,,310.00,,,,
44,2020-02-25,C,,595.00,,,,,,,,,119.00,,,,
44,2020-02-25,D,,347.00,,,,,,,,,32.00,,,,
44,2020-02-25,E,,575.00,,,,,,,,,65.00,,,,
52,2020-02-25,0,,1669.00,,,,867.00,802.00,,,,595.00,,,254.00,339.00
52,2020-02-25,A,,335.00,,,,,,,,,146.00,,,,
52,2020-02-25,B,,574.00,,,,,,,,,246.00,,,,
52,2020-02-25,C,,332.00,,,,,,,,,94.00,,,,
52,2020-02-25,D,,160.00,,,,,,,,,33.00,,,,
52,2020-02-25,E,,268.00,,,,,,,,,75.00,,,,
53,2020-02-25,0,,1791.00,,,,948.00,843.00,,,,454.00,,,186.00,268.00
53,2020-02-25,A,,295.00,,,,,,,,,106.00,,,,
53,2020-02-25,B,,555.00,,,,,,,,,190.00,,,,
53,2020-02-25,C,,397.00,,,,,,,,,74.00,,,,
53,2020-02-25,D,,179.00,,,,,,,,,23.00,,,,
53,2020-02-25,E,,365.00,,,,,,,,,61.00,,,,
75,2020-02-25,0,,3781.00,,,,1968.00,1813.00,,,,1530.00,,,651.00,879.00
75,2020-02-25,A,,696.00,,,,,,,,,479.00,,,,
75,2020-02-25,B,,1282.00,,,,,,,,,646.00,,,,
75,2020-02-25,C,,706.00,,,,,,,,,250.00,,,,
75,2020-02-25,D,,378.00,,,,,,,,,65.00,,,,
75,2020-02-25,E,,719.00,,,,,,,,,89.00,,,,
76,2020-02-25,0,,4128.00,,,,2055.00,2073.00,,,,440.00,,,170.00,266.00
76,2020-02-25,A,,820.00,,,,,,,,,132.00,,,,
76,2020-02-25,B,,1571.00,,,,,,,,,191.00,,,,
76,2020-02-25,C,,770.00,,,,,,,,,68.00,,,,
76,2020-02-25,D,,383.00,,,,,,,,,18.00,,,,
76,2020-02-25,E,,583.00,,,,,,,,,31.00,,,,
84,2020-02-25,0,,5659.00,,,,3008.00,2651.00,,,,1220.00,,,524.00,688.00
84,2020-02-25,A,,1354.00,,,,,,,,,397.00,,,,
84,2020-02-25,B,,2135.00,,,,,,,,,488.00,,,,
84,2020-02-25,C,,1039.00,,,,,,,,,171.00,,,,
84,2020-02-25,D,,411.00,,,,,,,,,48.00,,,,
84,2020-02-25,E,,720.00,,,,,,,,,110.00,,,,
93,2020-02-25,0,,3877.00,,,,1982.00,1895.00,,,,928.00,,,394.00,534.00
93,2020-02-25,A,,929.00,,,,,,,,,273.00,,,,
93,2020-02-25,B,,1237.00,,,,,,,,,360.00,,,,
93,2020-02-25,C,,722.00,,,,,,,,,154.00,,,,
93,2020-02-25,D,,330.00,,,,,,,,,45.00,,,,
93,2020-02-25,E,,659.00,,,,,,,,,94.00,,,,
94,2020-02-25,0,,197.00,,,,96.00,101.00,,,,62.00,,,13.00,41.00
94,2020-02-25,A,,39.00,,,,,,,,,13.00,,,,
94,2020-02-25,B,,58.00,,,,,,,,,34.00,,,,
94,2020-02-25,C,,52.00,,,,,,,,,10.00,,,,
94,2020-02-25,D,,15.00,,,,,,,,,4.00,,,,
94,2020-02-25,E,,33.00,,,,,,,,,1.00,,,,
01,2020-02-26,0,,270.00,,,,132.00,138.00,,,,,,,,
01,2020-02-26,A,,74.00,,,,,,,,,,,,,
01,2020-02-26,B,,100.00,,,,,,,,,,,,,
01,2020-02-26,C,,52.00,,,,,,,,,,,,,
01,2020-02-26,D,,19.00,,,,,,,,,,,,,
01,2020-02-26,E,,25.00,,,,,,,,,,,,,
02,2020-02-26,0,,,,,,,,,,,102.00,,,43.00,59.00
02,2020-02-26,A,,,,,,,,,,,27.00,,,,
02,2020-02-26,B,,,,,,,,,,,31.00,,,,
02,2020-02-26,C,,,,,,,,,,,13.00,,,,
02,2020-02-26,D,,,,,,,,,,,12.00,,,,
02,2020-02-26,E,,,,,,,,,,,19.00,,,,
03,2020-02-26,0,,303.00,,,,152.00,151.00,,,,,,,,
03,2020-02-26,A,,79.00,,,,,,,,,,,,,
03,2020-02-26,B,,149.00,,,,,,,,,,,,,
03,2020-02-26,C,,55.00,,,,,,,,,,,,,
03,2020-02-26,D,,13.00,,,,,,,,,,,,,
03,2020-02-26,E,,7.00,,,,,,,,,,,,,
04,2020-02-26,0,,477.00,,,,245.00,232.00,,,,,,,,
04,2020-02-26,A,,134.00,,,,,,,,,,,,,
04,2020-02-26,B,,151.00,,,,,,,,,,,,,
04,2020-02-26,C,,103.00,,,,,,,,,,,,,
04,2020-02-26,D,,37.00,,,,,,,,,,,,,
04,2020-02-26,E,,52.00,,,,,,,,,,,,,
06,2020-02-26,0,,141.00,,,,68.00,73.00,,,,,,,,
06,2020-02-26,A,,60.00,,,,,,,,,,,,,
06,2020-02-26,B,,53.00,,,,,,,,,,,,,
06,2020-02-26,C,,15.00,,,,,,,,,,,,,
06,2020-02-26,D,,10.00,,,,,,,,,,,,,
06,2020-02-26,E,,3.00,,,,,,,,,,,,,
07,2020-02-26,0,,27.00,,,,17.00,10.00,,,,,,,,
07,2020-02-26,A,,2.00,,,,,,,,,,,,,
07,2020-02-26,B,,15.00,,,,,,,,,,,,,
07,2020-02-26,C,,7.00,,,,,,,,,,,,,
07,2020-02-26,D,,2.00,,,,,,,,,,,,,
07,2020-02-26,E,,1.00,,,,,,,,,,,,,
08,2020-02-26,0,,44.00,,,,17.00,27.00,,,,,,,,
08,2020-02-26,A,,10.00,,,,,,,,,,,,,
08,2020-02-26,B,,21.00,,,,,,,,,,,,,
08,2020-02-26,C,,12.00,,,,,,,,,,,,,
08,2020-02-26,D,,,,,,,,,,,,,,,
08,2020-02-26,E,,1.00,,,,,,,,,,,,,
11,2020-02-26,0,,7615.00,,,,3835.00,3780.00,,,,2003.00,,,848.00,1150.00
11,2020-02-26,A,,1742.00,,,,,,,,,546.00,,,,
11,2020-02-26,B,,3158.00,,,,,,,,,913.00,,,,
11,2020-02-26,C,,1457.00,,,,,,,,,347.00,,,,
11,2020-02-26,D,,487.00,,,,,,,,,72.00,,,,
11,2020-02-26,E,,771.00,,,,,,,,,113.00,,,,
24,2020-02-26,0,,1503.00,,,,758.00,745.00,,,,502.00,,,208.00,294.00
24,2020-02-26,A,,299.00,,,,,,,,,105.00,,,,
24,2020-02-26,B,,518.00,,,,,,,,,265.00,,,,
24,2020-02-26,C,,267.00,,,,,,,,,79.00,,,,
24,2020-02-26,D,,151.00,,,,,,,,,22.00,,,,
24,2020-02-26,E,,268.00,,,,,,,,,30.00,,,,
27,2020-02-26,0,,2000.00,,,,1033.00,966.00,,,,320.00,,,144.00,176.00
27,2020-02-26,A,,414.00,,,,,,,,,98.00,,,,
27,2020-02-26,B,,658.00,,,,,,,,,121.00,,,,
27,2020-02-26,C,,387.00,,,,,,,,,61.00,,,,
27,2020-02-26,D,,172.00,,,,,,,,,17.00,,,,
27,2020-02-26,E,,369.00,,,,,,,,,23.00,,,,
28,2020-02-26,0,,2129.00,,,,1113.00,1016.00,,,,668.00,,,298.00,370.00
28,2020-02-26,A,,394.00,,,,,,,,,167.00,,,,
28,2020-02-26,B,,800.00,,,,,,,,,340.00,,,,
28,2020-02-26,C,,446.00,,,,,,,,,89.00,,,,
28,2020-02-26,D,,187.00,,,,,,,,,22.00,,,,
28,2020-02-26,E,,302.00,,,,,,,,,50.00,,,,
32,2020-02-26,0,,3429.00,,,,1729.00,1700.00,,,,1311.00,,,607.00,704.00
32,2020-02-26,A,,831.00,,,,,,,,,398.00,,,,
32,2020-02-26,B,,1242.00,,,,,,,,,625.00,,,,
32,2020-02-26,C,,588.00,,,,,,,,,191.00,,,,
32,2020-02-26,D,,275.00,,,,,,,,,44.00,,,,
32,2020-02-26,E,,493.00,,,,,,,,,47.00,,,,
44,2020-02-26,0,,3303.00,,,,1696.00,1607.00,,,,752.00,,,311.00,441.00
44,2020-02-26,A,,708.00,,,,,,,,,232.00,,,,
44,2020-02-26,B,,1141.00,,,,,,,,,300.00,,,,
44,2020-02-26,C,,631.00,,,,,,,,,118.00,,,,
44,2020-02-26,D,,293.00,,,,,,,,,33.00,,,,
44,2020-02-26,E,,530.00,,,,,,,,,63.00,,,,
52,2020-02-26,0,,1742.00,,,,932.00,810.00,,,,550.00,,,240.00,304.00
52,2020-02-26,A,,343.00,,,,,,,,,113.00,,,,
52,2020-02-26,B,,604.00,,,,,,,,,257.00,,,,
52,2020-02-26,C,,331.00,,,,,,,,,85.00,,,,
52,2020-02-26,D,,160.00,,,,,,,,,27.00,,,,
52,2020-02-26,E,,304.00,,,,,,,,,68.00,,,,
53,2020-02-26,0,,1758.00,,,,960.00,798.00,,,,451.00,,,180.00,271.00
53,2020-02-26,A,,335.00,,,,,,,,,108.00,,,,
53,2020-02-26,B,,550.00,,,,,,,,,193.00,,,,
53,2020-02-26,C,,339.00,,,,,,,,,73.00,,,,
53,2020-02-26,D,,186.00,,,,,,,,,21.00,,,,
53,2020-02-26,E,,348.00,,,,,,,,,56.00,,,,
75,2020-02-26,0,,3685.00,,,,1913.00,1772.00,,,,1570.00,,,667.00,903.00
75,2020-02-26,A,,650.00,,,,,,,,,476.00,,,,
75,2020-02-26,B,,1253.00,,,,,,,,,646.00,,,,
75,2020-02-26,C,,716.00,,,,,,,,,241.00,,,,
75,2020-02-26,D,,343.00,,,,,,,,,76.00,,,,
75,2020-02-26,E,,723.00,,,,,,,,,129.00,,,,
76,2020-02-26,0,,4090.00,,,,2041.00,2049.00,,,,482.00,,,206.00,276.00
76,2020-02-26,A,,907.00,,,,,,,,,134.00,,,,
76,2020-02-26,B,,1476.00,,,,,,,,,201.00,,,,
76,2020-02-26,C,,777.00,,,,,,,,,88.00,,,,
76,2020-02-26,D,,339.00,,,,,,,,,21.00,,,,
76,2020-02-26,E,,591.00,,,,,,,,,38.00,,,,
84,2020-02-26,0,,5491.00,,,,2771.00,2720.00,,,,1194.00,,,490.00,692.00
84,2020-02-26,A,,1333.00,,,,,,,,,322.00,,,,
84,2020-02-26,B,,2018.00,,,,,,,,,513.00,,,,
84,2020-02-26,C,,1002.00,,,,,,,,,180.00,,,,
84,2020-02-26,D,,430.00,,,,,,,,,52.00,,,,
84,2020-02-26,E,,708.00,,,,,,,,,125.00,,,,
93,2020-02-26,0,,3872.00,,,,2038.00,1834.00,,,,864.00,,,332.00,532.00
93,2020-02-26,A,,778.00,,,,,,,,,238.00,,,,
93,2020-02-26,B,,1274.00,,,,,,,,,312.00,,,,
93,2020-02-26,C,,763.00,,,,,,,,,157.00,,,,
93,2020-02-26,D,,350.00,,,,,,,,,62.00,,,,
93,2020-02-26,E,,707.00,,,,,,,,,91.00,,,,
94,2020-02-26,0,,212.00,,,,110.00,102.00,,,,46.00,,,14.00,27.00
94,2020-02-26,A,,32.00,,,,,,,,,4.00,,,,
94,2020-02-26,B,,80.00,,,,,,,,,22.00,,,,
94,2020-02-26,C,,51.00,,,,,,,,,4.00,,,,
94,2020-02-26,D,,22.00,,,,,,,,,7.00,,,,
94,2020-02-26,E,,27.00,,,,,,,,,7.00,,,,
01,2020-02-27,0,,297.00,,,,155.00,142.00,,,,,,,,
01,2020-02-27,A,,72.00,,,,,,,,,,,,,
01,2020-02-27,B,,104.00,,,,,,,,,,,,,
01,2020-02-27,C,,58.00,,,,,,,,,,,,,
01,2020-02-27,D,,20.00,,,,,,,,,,,,,
01,2020-02-27,E,,43.00,,,,,,,,,,,,,
02,2020-02-27,0,,,,,,,,,,,146.00,,,57.00,89.00
02,2020-02-27,A,,,,,,,,,,,31.00,,,,
02,2020-02-27,B,,,,,,,,,,,57.00,,,,
02,2020-02-27,C,,,,,,,,,,,28.00,,,,
02,2020-02-27,D,,,,,,,,,,,10.00,,,,
02,2020-02-27,E,,,,,,,,,,,20.00,,,,
03,2020-02-27,0,,299.00,,,,139.00,160.00,,,,,,,,
03,2020-02-27,A,,73.00,,,,,,,,,,,,,
03,2020-02-27,B,,147.00,,,,,,,,,,,,,
03,2020-02-27,C,,53.00,,,,,,,,,,,,,
03,2020-02-27,D,,15.00,,,,,,,,,,,,,
03,2020-02-27,E,,11.00,,,,,,,,,,,,,
04,2020-02-27,0,,425.00,,,,219.00,206.00,,,,,,,,
04,2020-02-27,A,,117.00,,,,,,,,,,,,,
04,2020-02-27,B,,140.00,,,,,,,,,,,,,
04,2020-02-27,C,,84.00,,,,,,,,,,,,,
04,2020-02-27,D,,46.00,,,,,,,,,,,,,
04,2020-02-27,E,,38.00,,,,,,,,,,,,,
06,2020-02-27,0,,116.00,,,,54.00,62.00,,,,,,,,
06,2020-02-27,A,,42.00,,,,,,,,,,,,,
06,2020-02-27,B,,51.00,,,,,,,,,,,,,
06,2020-02-27,C,,14.00,,,,,,,,,,,,,
06,2020-02-27,D,,4.00,,,,,,,,,,,,,
06,2020-02-27,E,,5.00,,,,,,,,,,,,,
07,2020-02-27,0,,26.00,,,,15.00,11.00,,,,,,,,
07,2020-02-27,A,,,,,,,,,,,,,,,
07,2020-02-27,B,,14.00,,,,,,,,,,,,,
07,2020-02-27,C,,5.00,,,,,,,,,,,,,
07,2020-02-27,D,,4.00,,,,,,,,,,,,,
07,2020-02-27,E,,3.00,,,,,,,,,,,,,
08,2020-02-27,0,,28.00,,,,8.00,20.00,,,,,,,,
08,2020-02-27,A,,8.00,,,,,,,,,,,,,
08,2020-02-27,B,,10.00,,,,,,,,,,,,,
08,2020-02-27,C,,6.00,,,,,,,,,,,,,
08,2020-02-27,D,,2.00,,,,,,,,,,,,,
08,2020-02-27,E,,2.00,,,,,,,,,,,,,
11,2020-02-27,0,2.00,7733.00,,2.00,,3871.00,3862.00,,,,2053.00,,,881.00,1167.00
11,2020-02-27,A,,1875.00,,,,,,,,,604.00,,,,
11,2020-02-27,B,,3237.00,,,,,,,,,909.00,,,,
11,2020-02-27,C,2.00,1382.00,,,,,,,,,313.00,,,,
11,2020-02-27,D,,451.00,,,,,,,,,93.00,,,,
11,2020-02-27,E,,788.00,,,,,,,,,121.00,,,,
24,2020-02-27,0,,1552.00,,,,767.00,785.00,,,,429.00,,,198.00,231.00
24,2020-02-27,A,,295.00,,,,,,,,,94.00,,,,
24,2020-02-27,B,,531.00,,,,,,,,,212.00,,,,
24,2020-02-27,C,,307.00,,,,,,,,,73.00,,,,
24,2020-02-27,D,,146.00,,,,,,,,,20.00,,,,
24,2020-02-27,E,,273.00,,,,,,,,,30.00,,,,
27,2020-02-27,0,,2014.00,,,,1046.00,968.00,,,,359.00,,,145.00,214.00
27,2020-02-27,A,,420.00,,,,,,,,,109.00,,,,
27,2020-02-27,B,,664.00,,,,,,,,,128.00,,,,
27,2020-02-27,C,,377.00,,,,,,,,,60.00,,,,
27,2020-02-27,D,,207.00,,,,,,,,,23.00,,,,
27,2020-02-27,E,,346.00,,,,,,,,,38.00,,,,
28,2020-02-27,0,,2144.00,,,,1037.00,1105.00,,,,605.00,,,252.00,352.00
28,2020-02-27,A,,434.00,,,,,,,,,145.00,,,,
28,2020-02-27,B,,758.00,,,,,,,,,294.00,,,,
28,2020-02-27,C,,403.00,,,,,,,,,98.00,,,,
28,2020-02-27,D,,209.00,,,,,,,,,18.00,,,,
28,2020-02-27,E,,340.00,,,,,,,,,50.00,,,,
32,2020-02-27,0,1.00,3191.00,,,1.00,1602.00,1588.00,,,,1219.00,,,543.00,676.00
32,2020-02-27,A,,782.00,,,,,,,,,350.00,,,,
32,2020-02-27,B,,1107.00,,,,,,,,,602.00,,,,
32,2020-02-27,C,,613.00,,,,,,,,,171.00,,,,
32,2020-02-27,D,1.00,239.00,,,,,,,,,46.00,,,,
32,2020-02-27,E,,450.00,,,,,,,,,45.00,,,,
44,2020-02-27,0,,3262.00,,,,1654.00,1607.00,,,,690.00,,,275.00,414.00
44,2020-02-27,A,,704.00,,,,,,,,,198.00,,,,
44,2020-02-27,B,,1089.00,,,,,,,,,301.00,,,,
44,2020-02-27,C,,592.00,,,,,,,,,101.00,,,,
44,2020-02-27,D,,296.00,,,,,,,,,25.00,,,,
44,2020-02-27,E,,581.00,,,,,,,,,65.00,,,,
52,2020-02-27,0,6.00,1652.00,,3.00,3.00,845.00,807.00,,,,576.00,,,210.00,359.00
52,2020-02-27,A,,353.00,,,,,,,,,132.00,,,,
52,2020-02-27,B,5.00,538.00,,,,,,,,,245.00,,,,
52,2020-02-27,C,1.00,314.00,,,,,,,,,100.00,,,,
52,2020-02-27,D,,143.00,,,,,,,,,26.00,,,,
52,2020-02-27,E,,304.00,,,,,,,,,69.00,,,,
53,2020-02-27,0,,1867.00,,,,958.00,909.00,,,,485.00,,,190.00,295.00
53,2020-02-27,A,,348.00,,,,,,,,,114.00,,,,
53,2020-02-27,B,,601.00,,,,,,,,,203.00,,,,
53,2020-02-27,C,,353.00,,,,,,,,,76.00,,,,
53,2020-02-27,D,,191.00,,,,,,,,,34.00,,,,
53,2020-02-27,E,,374.00,,,,,,,,,58.00,,,,
75,2020-02-27,0,8.00,3757.00,1.00,4.00,4.00,1903.00,1854.00,1.00,,,1516.00,,,639.00,877.00
75,2020-02-27,A,1.00,626.00,,,,,,,,,381.00,,,,
75,2020-02-27,B,4.00,1253.00,,,,,,,,,657.00,,,,
75,2020-02-27,C,2.00,738.00,,,,,,,,,242.00,,,,
75,2020-02-27,D,,375.00,,,,,,,,,82.00,,,,
75,2020-02-27,E,1.00,765.00,1.00,,,,,,,,154.00,,,,
76,2020-02-27,0,1.00,4098.00,,1.00,,2054.00,2042.00,,,,464.00,,,164.00,300.00
76,2020-02-27,A,,908.00,,,,,,,,,146.00,,,,
76,2020-02-27,B,1.00,1482.00,,,,,,,,,202.00,,,,
76,2020-02-27,C,,767.00,,,,,,,,,67.00,,,,
76,2020-02-27,D,,340.00,,,,,,,,,15.00,,,,
76,2020-02-27,E,,601.00,,,,,,,,,34.00,,,,
84,2020-02-27,0,,5292.00,,,,2725.00,2567.00,,,,1248.00,,,571.00,670.00
84,2020-02-27,A,,1220.00,,,,,,,,,350.00,,,,
84,2020-02-27,B,,1967.00,,,,,,,,,550.00,,,,
84,2020-02-27,C,,966.00,,,,,,,,,169.00,,,,
84,2020-02-27,D,,401.00,,,,,,,,,57.00,,,,
84,2020-02-27,E,,737.00,,,,,,,,,122.00,,,,
93,2020-02-27,0,1.00,3780.00,,1.00,,1974.00,1806.00,,,,916.00,,,370.00,546.00
93,2020-02-27,A,,755.00,,,,,,,,,270.00,,,,
93,2020-02-27,B,,1236.00,,,,,,,,,345.00,,,,
93,2020-02-27,C,1.00,770.00,,,,,,,,,160.00,,,,
93,2020-02-27,D,,333.00,,,,,,,,,50.00,,,,
93,2020-02-27,E,,686.00,,,,,,,,,84.00,,,,
94,2020-02-27,0,,202.00,,,,112.00,90.00,,,,58.00,,,13.00,39.00
94,2020-02-27,A,,36.00,,,,,,,,,14.00,,,,
94,2020-02-27,B,,70.00,,,,,,,,,25.00,,,,
94,2020-02-27,C,,49.00,,,,,,,,,7.00,,,,
94,2020-02-27,D,,19.00,,,,,,,,,4.00,,,,
94,2020-02-27,E,,28.00,,,,,,,,,6.00,,,,
01,2020-02-28,0,,263.00,,,,117.00,146.00,,,,,,,,
01,2020-02-28,A,,68.00,,,,,,,,,,,,,
01,2020-02-28,B,,89.00,,,,,,,,,,,,,
01,2020-02-28,C,,43.00,,,,,,,,,,,,,
01,2020-02-28,D,,20.00,,,,,,,,,,,,,
01,2020-02-28,E,,43.00,,,,,,,,,,,,,
02,2020-02-28,0,,,,,,,,,,,112.00,,,48.00,64.00
02,2020-02-28,A,,,,,,,,,,,24.00,,,,
02,2020-02-28,B,,,,,,,,,,,38.00,,,,
02,2020-02-28,C,,,,,,,,,,,20.00,,,,
02,2020-02-28,D,,,,,,,,,,,9.00,,,,
02,2020-02-28,E,,,,,,,,,,,21.00,,,,
03,2020-02-28,0,,261.00,,,,133.00,128.00,,,,,,,,
03,2020-02-28,A,,59.00,,,,,,,,,,,,,
03,2020-02-28,B,,126.00,,,,,,,,,,,,,
03,2020-02-28,C,,55.00,,,,,,,,,,,,,
03,2020-02-28,D,,8.00,,,,,,,,,,,,,
03,2020-02-28,E,,13.00,,,,,,,,,,,,,
04,2020-02-28,0,,521.00,,,,245.00,276.00,,,,,,,,
04,2020-02-28,A,,158.00,,,,,,,,,,,,,
04,2020-02-28,B,,157.00,,,,,,,,,,,,,
04,2020-02-28,C,,117.00,,,,,,,,,,,,,
04,2020-02-28,D,,42.00,,,,,,,,,,,,,
04,2020-02-28,E,,47.00,,,,,,,,,,,,,
06,2020-02-28,0,,119.00,,,,66.00,53.00,,,,,,,,
06,2020-02-28,A,,53.00,,,,,,,,,,,,,
06,2020-02-28,B,,45.00,,,,,,,,,,,,,
06,2020-02-28,C,,14.00,,,,,,,,,,,,,
06,2020-02-28,D,,5.00,,,,,,,,,,,,,
06,2020-02-28,E,,2.00,,,,,,,,,,,,,
07,2020-02-28,0,,15.00,,,,10.00,5.00,,,,,,,,
07,2020-02-28,A,,,,,,,,,,,,,,,
07,2020-02-28,B,,9.00,,,,,,,,,,,,,
07,2020-02-28,C,,5.00,,,,,,,,,,,,,
07,2020-02-28,D,,1.00,,,,,,,,,,,,,
07,2020-02-28,E,,,,,,,,,,,,,,,
08,2020-02-28,0,,28.00,,,,14.00,14.00,,,,,,,,
08,2020-02-28,A,,5.00,,,,,,,,,,,,,
08,2020-02-28,B,,8.00,,,,,,,,,,,,,
08,2020-02-28,C,,11.00,,,,,,,,,,,,,
08,2020-02-28,D,,4.00,,,,,,,,,,,,,
08,2020-02-28,E,,,,,,,,,,,,,,,
11,2020-02-28,0,,7451.00,,,,3830.00,3620.00,,,,1749.00,,,739.00,1003.00
11,2020-02-28,A,,1758.00,,,,,,,,,525.00,,,,
11,2020-02-28,B,,3059.00,,,,,,,,,729.00,,,,
11,2020-02-28,C,,1350.00,,,,,,,,,269.00,,,,
11,2020-02-28,D,,496.00,,,,,,,,,84.00,,,,
11,2020-02-28,E,,788.00,,,,,,,,,118.00,,,,
24,2020-02-28,0,,1515.00,,,,775.00,739.00,,,,464.00,,,202.00,262.00
24,2020-02-28,A,,280.00,,,,,,,,,101.00,,,,
24,2020-02-28,B,,498.00,,,,,,,,,250.00,,,,
24,2020-02-28,C,,294.00,,,,,,,,,69.00,,,,
24,2020-02-28,D,,173.00,,,,,,,,,17.00,,,,
24,2020-02-28,E,,270.00,,,,,,,,,27.00,,,,
27,2020-02-28,0,,2142.00,,,,1117.00,1025.00,,,,354.00,,,154.00,199.00
27,2020-02-28,A,,417.00,,,,,,,,,116.00,,,,
27,2020-02-28,B,,705.00,,,,,,,,,139.00,,,,
27,2020-02-28,C,,428.00,,,,,,,,,48.00,,,,
27,2020-02-28,D,,225.00,,,,,,,,,19.00,,,,
27,2020-02-28,E,,367.00,,,,,,,,,31.00,,,,
28,2020-02-28,0,1.00,1985.00,1.00,1.00,,979.00,1005.00,1.00,,,587.00,,,266.00,321.00
28,2020-02-28,A,,386.00,,,,,,,,,171.00,,,,
28,2020-02-28,B,,699.00,,,,,,,,,265.00,,,,
28,2020-02-28,C,1.00,385.00,1.00,,,,,,,,91.00,,,,
28,2020-02-28,D,,179.00,,,,,,,,,29.00,,,,
28,2020-02-28,E,,336.00,,,,,,,,,31.00,,,,
32,2020-02-28,0,,3223.00,,,,1593.00,1630.00,,,,1272.00,,,546.00,726.00
32,2020-02-28,A,,767.00,,,,,,,,,372.00,,,,
32,2020-02-28,B,,1142.00,,,,,,,,,594.00,,,,
32,2020-02-28,C,,572.00,,,,,,,,,178.00,,,,
32,2020-02-28,D,,290.00,,,,,,,,,50.00,,,,
32,2020-02-28,E,,451.00,,,,,,,,,62.00,,,,
44,2020-02-28,0,4.00,3394.00,,2.00,2.00,1676.00,1718.00,,,,685.00,,,294.00,388.00
44,2020-02-28,A,2.00,718.00,,,,,,,,,208.00,,,,
44,2020-02-28,B,1.00,1074.00,,,,,,,,,287.00,,,,
44,2020-02-28,C,,662.00,,,,,,,,,92.00,,,,
44,2020-02-28,D,1.00,323.00,,,,,,,,,33.00,,,,
44,2020-02-28,E,,617.00,,,,,,,,,59.00,,,,
52,2020-02-28,0,15.00,1668.00,,10.00,5.00,858.00,809.00,,,,531.00,,,229.00,297.00
52,2020-02-28,A,2.00,341.00,,,,,,,,,138.00,,,,
52,2020-02-28,B,8.00,559.00,,,,,,,,,214.00,,,,
52,2020-02-28,C,5.00,320.00,,,,,,,,,83.00,,,,
52,2020-02-28,D,,173.00,,,,,,,,,25.00,,,,
52,2020-02-28,E,,275.00,,,,,,,,,70.00,,,,
53,2020-02-28,0,,1717.00,,,,887.00,830.00,,,,505.00,,,221.00,284.00
53,2020-02-28,A,,335.00,,,,,,,,,120.00,,,,
53,2020-02-28,B,,562.00,,,,,,,,,220.00,,,,
53,2020-02-28,C,,319.00,,,,,,,,,86.00,,,,
53,2020-02-28,D,,174.00,,,,,,,,,28.00,,,,
53,2020-02-28,E,,327.00,,,,,,,,,51.00,,,,
75,2020-02-28,0,5.00,3703.00,,3.00,2.00,1910.00,1793.00,,,,1606.00,,,696.00,910.00
75,2020-02-28,A,1.00,597.00,,,,,,,,,470.00,,,,
75,2020-02-28,B,2.00,1242.00,,,,,,,,,674.00,,,,
75,2020-02-28,C,2.00,753.00,,,,,,,,,249.00,,,,
75,2020-02-28,D,,377.00,,,,,,,,,67.00,,,,
75,2020-02-28,E,,734.00,,,,,,,,,142.00,,,,
76,2020-02-28,0,1.00,4202.00,,1.00,,2112.00,2090.00,,,,519.00,,,215.00,304.00
76,2020-02-28,A,,862.00,,,,,,,,,177.00,,,,
76,2020-02-28,B,,1375.00,,,,,,,,,228.00,,,,
76,2020-02-28,C,1.00,852.00,,,,,,,,,61.00,,,,
76,2020-02-28,D,,430.00,,,,,,,,,17.00,,,,
76,2020-02-28,E,,683.00,,,,,,,,,35.00,,,,
84,2020-02-28,0,1.00,5600.00,1.00,1.00,,2854.00,2746.00,1.00,,,1099.00,,,492.00,600.00
84,2020-02-28,A,,1348.00,,,,,,,,,325.00,,,,
84,2020-02-28,B,1.00,2017.00,1.00,,,,,,,,428.00,,,,
84,2020-02-28,C,,1047.00,,,,,,,,,168.00,,,,
84,2020-02-28,D,,415.00,,,,,,,,,56.00,,,,
84,2020-02-28,E,,773.00,,,,,,,,,120.00,,,,
93,2020-02-28,0,4.00,3805.00,4.00,1.00,3.00,1910.00,1894.00,1.00,3.00,,900.00,,,357.00,543.00
93,2020-02-28,A,,844.00,,,,,,,,,247.00,,,,
93,2020-02-28,B,3.00,1210.00,3.00,,,,,,,,331.00,,,,
93,2020-02-28,C,,743.00,,,,,,,,,147.00,,,,
93,2020-02-28,D,1.00,382.00,1.00,,,,,,,,67.00,,,,
93,2020-02-28,E,,626.00,,,,,,,,,108.00,,,,
94,2020-02-28,0,,236.00,,,,114.00,122.00,,,,28.00,,,6.00,22.00
94,2020-02-28,A,,30.00,,,,,,,,,7.00,,,,
94,2020-02-28,B,,75.00,,,,,,,,,7.00,,,,
94,2020-02-28,C,,64.00,,,,,,,,,5.00,,,,
94,2020-02-28,D,,16.00,,,,,,,,,4.00,,,,
94,2020-02-28,E,,51.00,,,,,,,,,2.00,,,,
01,2020-02-29,0,,237.00,,,,105.00,132.00,,,,,,,,
01,2020-02-29,A,,57.00,,,,,,,,,,,,,
01,2020-02-29,B,,77.00,,,,,,,,,,,,,
01,2020-02-29,C,,56.00,,,,,,,,,,,,,
01,2020-02-29,D,,22.00,,,,,,,,,,,,,
01,2020-02-29,E,,25.00,,,,,,,,,,,,,
02,2020-02-29,0,,,,,,,,,,,144.00,,,66.00,78.00
02,2020-02-29,A,,,,,,,,,,,25.00,,,,
02,2020-02-29,B,,,,,,,,,,,65.00,,,,
02,2020-02-29,C,,,,,,,,,,,28.00,,,,
02,2020-02-29,D,,,,,,,,,,,11.00,,,,
02,2020-02-29,E,,,,,,,,,,,15.00,,,,
03,2020-02-29,0,,294.00,,,,151.00,143.00,,,,,,,,
03,2020-02-29,A,,87.00,,,,,,,,,,,,,
03,2020-02-29,B,,136.00,,,,,,,,,,,,,
03,2020-02-29,C,,52.00,,,,,,,,,,,,,
03,2020-02-29,D,,12.00,,,,,,,,,,,,,
03,2020-02-29,E,,7.00,,,,,,,,,,,,,
04,2020-02-29,0,,554.00,,,,305.00,248.00,,,,,,,,
04,2020-02-29,A,,132.00,,,,,,,,,,,,,
04,2020-02-29,B,,181.00,,,,,,,,,,,,,
04,2020-02-29,C,,139.00,,,,,,,,,,,,,
04,2020-02-29,D,,50.00,,,,,,,,,,,,,
04,2020-02-29,E,,52.00,,,,,,,,,,,,,
06,2020-02-29,0,,145.00,,,,87.00,58.00,,,,,,,,
06,2020-02-29,A,,61.00,,,,,,,,,,,,,
06,2020-02-29,B,,58.00,,,,,,,,,,,,,
06,2020-02-29,C,,17.00,,,,,,,,,,,,,
06,2020-02-29,D,,4.00,,,,,,,,,,,,,
06,2020-02-29,E,,5.00,,,,,,,,,,,,,
07,2020-02-29,0,,15.00,,,,9.00,6.00,,,,,,,,
07,2020-02-29,A,,3.00,,,,,,,,,,,,,
07,2020-02-29,B,,9.00,,,,,,,,,,,,,
07,2020-02-29,C,,2.00,,,,,,,,,,,,,
07,2020-02-29,D,,,,,,,,,,,,,,,
07,2020-02-29,E,,1.00,,,,,,,,,,,,,
08,2020-02-29,0,,20.00,,,,9.00,11.00,,,,,,,,
08,2020-02-29,A,,3.00,,,,,,,,,,,,,
08,2020-02-29,B,,10.00,,,,,,,,,,,,,
08,2020-02-29,C,,4.00,,,,,,,,,,,,,
08,2020-02-29,D,,2.00,,,,,,,,,,,,,
08,2020-02-29,E,,1.00,,,,,,,,,,,,,
11,2020-02-29,0,2.00,7162.00,1.00,1.00,1.00,3705.00,3455.00,1.00,,,2234.00,,,1021.00,1207.00
11,2020-02-29,A,,1751.00,,,,,,,,,789.00,,,,
11,2020-02-29,B,1.00,2969.00,,,,,,,,,864.00,,,,
11,2020-02-29,C,,1298.00,,,,,,,,,323.00,,,,
11,2020-02-29,D,1.00,434.00,1.00,,,,,,,,101.00,,,,
11,2020-02-29,E,,710.00,,,,,,,,,144.00,,,,
24,2020-02-29,0,,1404.00,,,,682.00,722.00,,,,567.00,,,236.00,331.00
24,2020-02-29,A,,288.00,,,,,,,,,147.00,,,,
24,2020-02-29,B,,473.00,,,,,,,,,250.00,,,,
24,2020-02-29,C,,251.00,,,,,,,,,97.00,,,,
24,2020-02-29,D,,123.00,,,,,,,,,21.00,,,,
24,2020-02-29,E,,268.00,,,,,,,,,51.00,,,,
27,2020-02-29,0,,1992.00,,,,1059.00,933.00,,,,523.00,,,215.00,305.00
27,2020-02-29,A,,394.00,,,,,,,,,167.00,,,,
27,2020-02-29,B,,698.00,,,,,,,,,201.00,,,,
27,2020-02-29,C,,391.00,,,,,,,,,83.00,,,,
27,2020-02-29,D,,183.00,,,,,,,,,19.00,,,,
27,2020-02-29,E,,326.00,,,,,,,,,45.00,,,,
28,2020-02-29,0,,1939.00,,,,956.00,982.00,,,,788.00,,,344.00,444.00
28,2020-02-29,A,,431.00,,,,,,,,,249.00,,,,
28,2020-02-29,B,,702.00,,,,,,,,,344.00,,,,
28,2020-02-29,C,,363.00,,,,,,,,,113.00,,,,
28,2020-02-29,D,,144.00,,,,,,,,,25.00,,,,
28,2020-02-29,E,,298.00,,,,,,,,,57.00,,,,
32,2020-02-29,0,1.00,3192.00,,1.00,,1587.00,1604.00,,,,1517.00,,,634.00,883.00
32,2020-02-29,A,,788.00,,,,,,,,,513.00,,,,
32,2020-02-29,B,1.00,1138.00,,,,,,,,,673.00,,,,
32,2020-02-29,C,,580.00,,,,,,,,,199.00,,,,
32,2020-02-29,D,,265.00,,,,,,,,,55.00,,,,
32,2020-02-29,E,,420.00,,,,,,,,,66.00,,,,
44,2020-02-29,0,3.00,3459.00,1.00,3.00,,1744.00,1713.00,1.00,,,1209.00,,,529.00,677.00
44,2020-02-29,A,3.00,773.00,1.00,,,,,,,,400.00,,,,
44,2020-02-29,B,,1178.00,,,,,,,,,477.00,,,,
44,2020-02-29,C,,649.00,,,,,,,,,164.00,,,,
44,2020-02-29,D,,301.00,,,,,,,,,55.00,,,,
44,2020-02-29,E,,558.00,,,,,,,,,111.00,,,,
52,2020-02-29,0,13.00,1575.00,,6.00,7.00,814.00,761.00,,,,702.00,,,324.00,378.00
52,2020-02-29,A,1.00,314.00,,,,,,,,,223.00,,,,
52,2020-02-29,B,7.00,543.00,,,,,,,,,241.00,,,,
52,2020-02-29,C,5.00,288.00,,,,,,,,,105.00,,,,
52,2020-02-29,D,,154.00,,,,,,,,,50.00,,,,
52,2020-02-29,E,,276.00,,,,,,,,,80.00,,,,
53,2020-02-29,0,,1741.00,,,,912.00,829.00,,,,657.00,,,278.00,379.00
53,2020-02-29,A,,347.00,,,,,,,,,181.00,,,,
53,2020-02-29,B,,580.00,,,,,,,,,239.00,,,,
53,2020-02-29,C,,339.00,,,,,,,,,101.00,,,,
53,2020-02-29,D,,167.00,,,,,,,,,45.00,,,,
53,2020-02-29,E,,308.00,,,,,,,,,91.00,,,,
75,2020-02-29,0,6.00,3567.00,,3.00,3.00,1832.00,1735.00,,,,1925.00,,,810.00,1115.00
75,2020-02-29,A,3.00,659.00,,,,,,,,,584.00,,,,
75,2020-02-29,B,3.00,1193.00,,,,,,,,,772.00,,,,
75,2020-02-29,C,,716.00,,,,,,,,,271.00,,,,
75,2020-02-29,D,,324.00,,,,,,,,,97.00,,,,
75,2020-02-29,E,,675.00,,,,,,,,,201.00,,,,
76,2020-02-29,0,1.00,4280.00,1.00,1.00,,2221.00,2059.00,1.00,,,665.00,,,285.00,380.00
76,2020-02-29,A,,972.00,,,,,,,,,245.00,,,,
76,2020-02-29,B,,1538.00,,,,,,,,,248.00,,,,
76,2020-02-29,C,,760.00,,,,,,,,,92.00,,,,
76,2020-02-29,D,,386.00,,,,,,,,,28.00,,,,
76,2020-02-29,E,1.00,624.00,1.00,,,,,,,,52.00,,,,
84,2020-02-29,0,,5071.00,,,,2571.00,2500.00,,,,1419.00,,,603.00,792.00
84,2020-02-29,A,,1168.00,,,,,,,,,464.00,,,,
84,2020-02-29,B,,1998.00,,,,,,,,,555.00,,,,
84,2020-02-29,C,,866.00,,,,,,,,,189.00,,,,
84,2020-02-29,D,,423.00,,,,,,,,,55.00,,,,
84,2020-02-29,E,,616.00,,,,,,,,,155.00,,,,
93,2020-02-29,0,6.00,3991.00,2.00,4.00,2.00,2021.00,1969.00,2.00,,,933.00,,,367.00,561.00
93,2020-02-29,A,,918.00,,,,,,,,,275.00,,,,
93,2020-02-29,B,1.00,1370.00,1.00,,,,,,,,331.00,,,,
93,2020-02-29,C,3.00,803.00,1.00,,,,,,,,130.00,,,,
93,2020-02-29,D,2.00,331.00,,,,,,,,,64.00,,,,
93,2020-02-29,E,,569.00,,,,,,,,,109.00,,,,
94,2020-02-29,0,5.00,193.00,,2.00,3.00,108.00,85.00,,,,48.00,,,17.00,30.00
94,2020-02-29,A,1.00,34.00,,,,,,,,,8.00,,,,
94,2020-02-29,B,2.00,70.00,,,,,,,,,17.00,,,,
94,2020-02-29,C,2.00,48.00,,,,,,,,,12.00,,,,
94,2020-02-29,D,,17.00,,,,,,,,,3.00,,,,
94,2020-02-29,E,,24.00,,,,,,,,,7.00,,,,
01,2020-03-01,0,,229.00,,,,105.00,124.00,,,,,,,,
01,2020-03-01,A,,64.00,,,,,,,,,,,,,
01,2020-03-01,B,,85.00,,,,,,,,,,,,,
01,2020-03-01,C,,41.00,,,,,,,,,,,,,
01,2020-03-01,D,,19.00,,,,,,,,,,,,,
01,2020-03-01,E,,20.00,,,,,,,,,,,,,
02,2020-03-01,0,,,,,,,,,,,114.00,,,42.00,72.00
02,2020-03-01,A,,,,,,,,,,,31.00,,,,
02,2020-03-01,B,,,,,,,,,,,38.00,,,,
02,2020-03-01,C,,,,,,,,,,,23.00,,,,
02,2020-03-01,D,,,,,,,,,,,7.00,,,,
02,2020-03-01,E,,,,,,,,,,,15.00,,,,
03,2020-03-01,0,,238.00,,,,117.00,121.00,,,,,,,,
03,2020-03-01,A,,85.00,,,,,,,,,,,,,
03,2020-03-01,B,,96.00,,,,,,,,,,,,,
03,2020-03-01,C,,34.00,,,,,,,,,,,,,
03,2020-03-01,D,,15.00,,,,,,,,,,,,,
03,2020-03-01,E,,8.00,,,,,,,,,,,,,
04,2020-03-01,0,,514.00,,,,282.00,232.00,,,,,,,,
04,2020-03-01,A,,133.00,,,,,,,,,,,,,
04,2020-03-01,B,,209.00,,,,,,,,,,,,,
04,2020-03-01,C,,100.00,,,,,,,,,,,,,
04,2020-03-01,D,,30.00,,,,,,,,,,,,,
04,2020-03-01,E,,42.00,,,,,,,,,,,,,
06,2020-03-01,0,,150.00,,,,90.00,60.00,,,,,,,,
06,2020-03-01,A,,68.00,,,,,,,,,,,,,
06,2020-03-01,B,,63.00,,,,,,,,,,,,,
06,2020-03-01,C,,9.00,,,,,,,,,,,,,
06,2020-03-01,D,,4.00,,,,,,,,,,,,,
06,2020-03-01,E,,6.00,,,,,,,,,,,,,
07,2020-03-01,0,,16.00,,,,8.00,8.00,,,,,,,,
07,2020-03-01,A,,1.00,,,,,,,,,,,,,
07,2020-03-01,B,,10.00,,,,,,,,,,,,,
07,2020-03-01,C,,4.00,,,,,,,,,,,,,
07,2020-03-01,D,,1.00,,,,,,,,,,,,,
07,2020-03-01,E,,,,,,,,,,,,,,,
08,2020-03-01,0,,33.00,,,,20.00,13.00,,,,,,,,
08,2020-03-01,A,,7.00,,,,,,,,,,,,,
08,2020-03-01,B,,13.00,,,,,,,,,,,,,
08,2020-03-01,C,,8.00,,,,,,,,,,,,,
08,2020-03-01,D,,4.00,,,,,,,,,,,,,
08,2020-03-01,E,,1.00,,,,,,,,,,,,,
11,2020-03-01,0,,6599.00,,,,3429.00,3169.00,,,,2586.00,,,1173.00,1406.00
11,2020-03-01,A,,1782.00,,,,,,,,,1022.00,,,,
11,2020-03-01,B,,2810.00,,,,,,,,,952.00,,,,
11,2020-03-01,C,,1102.00,,,,,,,,,343.00,,,,
11,2020-03-01,D,,319.00,,,,,,,,,88.00,,,,
11,2020-03-01,E,,586.00,,,,,,,,,150.00,,,,
24,2020-03-01,0,,1417.00,,,,751.00,665.00,,,,485.00,,,220.00,265.00
24,2020-03-01,A,,278.00,,,,,,,,,170.00,,,,
24,2020-03-01,B,,562.00,,,,,,,,,218.00,,,,
24,2020-03-01,C,,278.00,,,,,,,,,55.00,,,,
24,2020-03-01,D,,96.00,,,,,,,,,15.00,,,,
24,2020-03-01,E,,203.00,,,,,,,,,26.00,,,,
27,2020-03-01,0,7.00,2036.00,7.00,3.00,4.00,1084.00,952.00,3.00,4.00,,449.00,,,213.00,227.00
27,2020-03-01,A,,414.00,,,,,,,,,148.00,,,,
27,2020-03-01,B,2.00,746.00,2.00,,,,,,,,175.00,,,,
27,2020-03-01,C,1.00,380.00,1.00,,,,,,,,72.00,,,,
27,2020-03-01,D,2.00,184.00,2.00,,,,,,,,15.00,,,,
27,2020-03-01,E,2.00,312.00,2.00,,,,,,,,29.00,,,,
28,2020-03-01,0,,1945.00,,,,987.00,955.00,,,,774.00,,,334.00,440.00
28,2020-03-01,A,,430.00,,,,,,,,,274.00,,,,
28,2020-03-01,B,,705.00,,,,,,,,,306.00,,,,
28,2020-03-01,C,,385.00,,,,,,,,,114.00,,,,
28,2020-03-01,D,,143.00,,,,,,,,,28.00,,,,
28,2020-03-01,E,,282.00,,,,,,,,,52.00,,,,
32,2020-03-01,0,8.00,3014.00,3.00,6.00,2.00,1570.00,1443.00,3.00,,,1232.00,,,537.00,695.00
32,2020-03-01,A,2.00,766.00,2.00,,,,,,,,492.00,,,,
32,2020-03-01,B,4.00,1213.00,,,,,,,,,521.00,,,,
32,2020-03-01,C,2.00,478.00,1.00,,,,,,,,143.00,,,,
32,2020-03-01,D,,220.00,,,,,,,,,37.00,,,,
32,2020-03-01,E,,337.00,,,,,,,,,37.00,,,,
44,2020-03-01,0,,3346.00,,,,1693.00,1652.00,,,,1196.00,,,521.00,674.00
44,2020-03-01,A,,783.00,,,,,,,,,414.00,,,,
44,2020-03-01,B,,1256.00,,,,,,,,,467.00,,,,
44,2020-03-01,C,,577.00,,,,,,,,,183.00,,,,
44,2020-03-01,D,,246.00,,,,,,,,,38.00,,,,
44,2020-03-01,E,,484.00,,,,,,,,,92.00,,,,
52,2020-03-01,0,9.00,1532.00,,4.00,5.00,811.00,721.00,,,,696.00,,,306.00,390.00
52,2020-03-01,A,2.00,315.00,,,,,,,,,225.00,,,,
52,2020-03-01,B,4.00,598.00,,,,,,,,,244.00,,,,
52,2020-03-01,C,2.00,273.00,,,,,,,,,110.00,,,,
52,2020-03-01,D,1.00,118.00,,,,,,,,,33.00,,,,
52,2020-03-01,E,,228.00,,,,,,,,,81.00,,,,
53,2020-03-01,0,,1741.00,,,,936.00,805.00,,,,601.00,,,273.00,328.00
53,2020-03-01,A,,365.00,,,,,,,,,192.00,,,,
53,2020-03-01,B,,666.00,,,,,,,,,233.00,,,,
53,2020-03-01,C,,334.00,,,,,,,,,92.00,,,,
53,2020-03-01,D,,132.00,,,,,,,,,30.00,,,,
53,2020-03-01,E,,244.00,,,,,,,,,54.00,,,,
75,2020-03-01,0,1.00,3405.00,,1.00,,1729.00,1675.00,,,,1675.00,,,711.00,964.00
75,2020-03-01,A,,594.00,,,,,,,,,542.00,,,,
75,2020-03-01,B,,1316.00,,,,,,,,,646.00,,,,
75,2020-03-01,C,1.00,634.00,,,,,,,,,250.00,,,,
75,2020-03-01,D,,294.00,,,,,,,,,78.00,,,,
75,2020-03-01,E,,566.00,,,,,,,,,158.00,,,,
76,2020-03-01,0,6.00,4136.00,6.00,1.00,5.00,2137.00,1999.00,1.00,5.00,,701.00,,,298.00,403.00
76,2020-03-01,A,,957.00,,,,,,,,,280.00,,,,
76,2020-03-01,B,1.00,1658.00,1.00,,,,,,,,245.00,,,,
76,2020-03-01,C,,680.00,,,,,,,,,95.00,,,,
76,2020-03-01,D,,314.00,,,,,,,,,21.00,,,,
76,2020-03-01,E,5.00,527.00,5.00,,,,,,,,60.00,,,,
84,2020-03-01,0,1.00,4756.00,,,1.00,2454.00,2302.00,,,,1229.00,,,534.00,689.00
84,2020-03-01,A,,1024.00,,,,,,,,,388.00,,,,
84,2020-03-01,B,1.00,1997.00,,,,,,,,,496.00,,,,
84,2020-03-01,C,,853.00,,,,,,,,,172.00,,,,
84,2020-03-01,D,,309.00,,,,,,,,,47.00,,,,
84,2020-03-01,E,,573.00,,,,,,,,,123.00,,,,
93,2020-03-01,0,4.00,3947.00,2.00,2.00,2.00,2116.00,1831.00,,2.00,,1252.00,,,530.00,722.00
93,2020-03-01,A,1.00,958.00,1.00,,,,,,,,446.00,,,,
93,2020-03-01,B,3.00,1469.00,1.00,,,,,,,,422.00,,,,
93,2020-03-01,C,,673.00,,,,,,,,,170.00,,,,
93,2020-03-01,D,,297.00,,,,,,,,,57.00,,,,
93,2020-03-01,E,,550.00,,,,,,,,,136.00,,,,
94,2020-03-01,0,3.00,199.00,3.00,2.00,1.00,97.00,102.00,2.00,1.00,,29.00,,,11.00,18.00
94,2020-03-01,A,,40.00,,,,,,,,,10.00,,,,
94,2020-03-01,B,3.00,92.00,3.00,,,,,,,,13.00,,,,
94,2020-03-01,C,,30.00,,,,,,,,,4.00,,,,
94,2020-03-01,D,,18.00,,,,,,,,,,,,,
94,2020-03-01,E,,19.00,,,,,,,,,1.00,,,,
01,2020-03-02,0,,280.00,,,,123.00,157.00,,,,,,,,
01,2020-03-02,A,,85.00,,,,,,,,,,,,,
01,2020-03-02,B,,90.00,,,,,,,,,,,,,
01,2020-03-02,C,,62.00,,,,,,,,,,,,,
01,2020-03-02,D,,25.00,,,,,,,,,,,,,
01,2020-03-02,E,,18.00,,,,,,,,,,,,,
02,2020-03-02,0,,,,,,,,,,,189.00,,,78.00,111.00
02,2020-03-02,A,,,,,,,,,,,30.00,,,,
02,2020-03-02,B,,,,,,,,,,,94.00,,,,
02,2020-03-02,C,,,,,,,,,,,37.00,,,,
02,2020-03-02,D,,,,,,,,,,,11.00,,,,
02,2020-03-02,E,,,,,,,,,,,17.00,,,,
03,2020-03-02,0,,303.00,,,,164.00,139.00,,,,,,,,
03,2020-03-02,A,,88.00,,,,,,,,,,,,,
03,2020-03-02,B,,132.00,,,,,,,,,,,,,
03,2020-03-02,C,,71.00,,,,,,,,,,,,,
03,2020-03-02,D,,7.00,,,,,,,,,,,,,
03,2020-03-02,E,,5.00,,,,,,,,,,,,,
04,2020-03-02,0,1.00,533.00,1.00,,1.00,274.00,259.00,,1.00,,,,,,
04,2020-03-02,A,,167.00,,,,,,,,,,,,,
04,2020-03-02,B,,176.00,,,,,,,,,,,,,
04,2020-03-02,C,1.00,113.00,1.00,,,,,,,,,,,,
04,2020-03-02,D,,40.00,,,,,,,,,,,,,
04,2020-03-02,E,,37.00,,,,,,,,,,,,,
06,2020-03-02,0,,156.00,,,,86.00,70.00,,,,,,,,
06,2020-03-02,A,,63.00,,,,,,,,,,,,,
06,2020-03-02,B,,59.00,,,,,,,,,,,,,
06,2020-03-02,C,,29.00,,,,,,,,,,,,,
06,2020-03-02,D,,4.00,,,,,,,,,,,,,
06,2020-03-02,E,,1.00,,,,,,,,,,,,,
07,2020-03-02,0,,26.00,,,,18.00,8.00,,,,,,,,
07,2020-03-02,A,,3.00,,,,,,,,,,,,,
07,2020-03-02,B,,12.00,,,,,,,,,,,,,
07,2020-03-02,C,,9.00,,,,,,,,,,,,,
07,2020-03-02,D,,1.00,,,,,,,,,,,,,
07,2020-03-02,E,,1.00,,,,,,,,,,,,,
08,2020-03-02,0,,32.00,,,,10.00,22.00,,,,,,,,
08,2020-03-02,A,,4.00,,,,,,,,,,,,,
08,2020-03-02,B,,15.00,,,,,,,,,,,,,
08,2020-03-02,C,,7.00,,,,,,,,,,,,,
08,2020-03-02,D,,4.00,,,,,,,,,,,,,
08,2020-03-02,E,,2.00,,,,,,,,,,,,,
11,2020-03-02,0,8.00,8068.00,5.00,3.00,5.00,4164.00,3902.00,1.00,4.00,,2389.00,,,983.00,1404.00
11,2020-03-02,A,,1931.00,,,,,,,,,748.00,,,,
11,2020-03-02,B,3.00,3394.00,,,,,,,,,1063.00,,,,
11,2020-03-02,C,1.00,1527.00,1.00,,,,,,,,347.00,,,,
11,2020-03-02,D,,486.00,,,,,,,,,73.00,,,,
11,2020-03-02,E,3.00,729.00,3.00,,,,,,,,132.00,,,,
24,2020-03-02,0,,1735.00,,,,892.00,842.00,,,,500.00,,,214.00,286.00
24,2020-03-02,A,,387.00,,,,,,,,,100.00,,,,
24,2020-03-02,B,,616.00,,,,,,,,,283.00,,,,
24,2020-03-02,C,,328.00,,,,,,,,,86.00,,,,
24,2020-03-02,D,,131.00,,,,,,,,,11.00,,,,
24,2020-03-02,E,,273.00,,,,,,,,,19.00,,,,
27,2020-03-02,0,27.00,2203.00,13.00,14.00,13.00,1139.00,1063.00,6.00,7.00,,454.00,,,189.00,264.00
27,2020-03-02,A,,374.00,,,,,,,,,105.00,,,,
27,2020-03-02,B,7.00,750.00,3.00,,,,,,,,189.00,,,,
27,2020-03-02,C,8.00,478.00,5.00,,,,,,,,97.00,,,,
27,2020-03-02,D,5.00,204.00,1.00,,,,,,,,27.00,,,,
27,2020-03-02,E,7.00,397.00,4.00,,,,,,,,33.00,,,,
28,2020-03-02,0,1.00,2348.00,1.00,,1.00,1232.00,1116.00,,1.00,,738.00,,,315.00,423.00
28,2020-03-02,A,,515.00,,,,,,,,,168.00,,,,
28,2020-03-02,B,1.00,855.00,1.00,,,,,,,,395.00,,,,
28,2020-03-02,C,,427.00,,,,,,,,,119.00,,,,
28,2020-03-02,D,,221.00,,,,,,,,,29.00,,,,
28,2020-03-02,E,,330.00,,,,,,,,,27.00,,,,
32,2020-03-02,0,19.00,3662.00,5.00,7.00,12.00,1849.00,1812.00,,5.00,,1665.00,,,704.00,961.00
32,2020-03-02,A,5.00,838.00,4.00,,,,,,,,427.00,,,,
32,2020-03-02,B,11.00,1369.00,1.00,,,,,,,,922.00,,,,
32,2020-03-02,C,,650.00,,,,,,,,,218.00,,,,
32,2020-03-02,D,1.00,301.00,,,,,,,,,48.00,,,,
32,2020-03-02,E,2.00,504.00,,,,,,,,,35.00,,,,
44,2020-03-02,0,1.00,3660.00,1.00,1.00,,1895.00,1764.00,1.00,,,764.00,,,351.00,413.00
44,2020-03-02,A,,830.00,,,,,,,,,213.00,,,,
44,2020-03-02,B,1.00,1265.00,1.00,,,,,,,,362.00,,,,
44,2020-03-02,C,,640.00,,,,,,,,,117.00,,,,
44,2020-03-02,D,,336.00,,,,,,,,,31.00,,,,
44,2020-03-02,E,,589.00,,,,,,,,,38.00,,,,
52,2020-03-02,0,18.00,1919.00,9.00,10.00,8.00,1040.00,879.00,5.00,4.00,,561.00,,,251.00,298.00
52,2020-03-02,A,2.00,364.00,2.00,,,,,,,,112.00,,,,
52,2020-03-02,B,7.00,728.00,3.00,,,,,,,,248.00,,,,
52,2020-03-02,C,9.00,364.00,4.00,,,,,,,,123.00,,,,
52,2020-03-02,D,,170.00,,,,,,,,,26.00,,,,
52,2020-03-02,E,,293.00,,,,,,,,,50.00,,,,
53,2020-03-02,0,,2039.00,,,,1057.00,982.00,,,,534.00,,,239.00,295.00
53,2020-03-02,A,,388.00,,,,,,,,,110.00,,,,
53,2020-03-02,B,,723.00,,,,,,,,,286.00,,,,
53,2020-03-02,C,,362.00,,,,,,,,,75.00,,,,
53,2020-03-02,D,,214.00,,,,,,,,,22.00,,,,
53,2020-03-02,E,,352.00,,,,,,,,,40.00,,,,
75,2020-03-02,0,15.00,3933.00,,9.00,6.00,2057.00,1876.00,,,,1650.00,,,725.00,925.00
75,2020-03-02,A,2.00,565.00,,,,,,,,,411.00,,,,
75,2020-03-02,B,4.00,1394.00,,,,,,,,,763.00,,,,
75,2020-03-02,C,6.00,783.00,,,,,,,,,254.00,,,,
75,2020-03-02,D,3.00,420.00,,,,,,,,,79.00,,,,
75,2020-03-02,E,,771.00,,,,,,,,,141.00,,,,
76,2020-03-02,0,2.00,4427.00,1.00,1.00,1.00,2234.00,2193.00,1.00,,,508.00,,,197.00,311.00
76,2020-03-02,A,,915.00,,,,,,,,,158.00,,,,
76,2020-03-02,B,,1693.00,,,,,,,,,223.00,,,,
76,2020-03-02,C,,811.00,,,,,,,,,84.00,,,,
76,2020-03-02,D,1.00,391.00,1.00,,,,,,,,20.00,,,,
76,2020-03-02,E,1.00,617.00,,,,,,,,,23.00,,,,
84,2020-03-02,0,10.00,5426.00,9.00,7.00,3.00,2806.00,2620.00,6.00,3.00,,1168.00,,,495.00,668.00
84,2020-03-02,A,,1057.00,,,,,,,,,236.00,,,,
84,2020-03-02,B,1.00,2138.00,,,,,,,,,568.00,,,,
84,2020-03-02,C,1.00,1067.00,1.00,,,,,,,,162.00,,,,
84,2020-03-02,D,2.00,433.00,2.00,,,,,,,,67.00,,,,
84,2020-03-02,E,6.00,731.00,6.00,,,,,,,,132.00,,,,
93,2020-03-02,0,5.00,4038.00,2.00,2.00,3.00,2090.00,1945.00,2.00,,,1051.00,,,429.00,622.00
93,2020-03-02,A,1.00,810.00,,,,,,,,,308.00,,,,
93,2020-03-02,B,1.00,1445.00,,,,,,,,,412.00,,,,
93,2020-03-02,C,1.00,800.00,1.00,,,,,,,,176.00,,,,
93,2020-03-02,D,,350.00,,,,,,,,,56.00,,,,
93,2020-03-02,E,2.00,633.00,1.00,,,,,,,,90.00,,,,
94,2020-03-02,0,4.00,201.00,4.00,1.00,3.00,85.00,116.00,1.00,3.00,,133.00,,,37.00,71.00
94,2020-03-02,A,,32.00,,,,,,,,,33.00,,,,
94,2020-03-02,B,2.00,87.00,2.00,,,,,,,,69.00,,,,
94,2020-03-02,C,2.00,47.00,2.00,,,,,,,,19.00,,,,
94,2020-03-02,D,,14.00,,,,,,,,,8.00,,,,
94,2020-03-02,E,,21.00,,,,,,,,,4.00,,,,
01,2020-03-03,0,,247.00,,,,122.00,125.00,,,,,,,,
01,2020-03-03,A,,65.00,,,,,,,,,,,,,
01,2020-03-03,B,,95.00,,,,,,,,,,,,,
01,2020-03-03,C,,36.00,,,,,,,,,,,,,
01,2020-03-03,D,,20.00,,,,,,,,,,,,,
01,2020-03-03,E,,31.00,,,,,,,,,,,,,
02,2020-03-03,0,,,,,,,,,,,129.00,,,51.00,78.00
02,2020-03-03,A,,,,,,,,,,,27.00,,,,
02,2020-03-03,B,,,,,,,,,,,54.00,,,,
02,2020-03-03,C,,,,,,,,,,,24.00,,,,
02,2020-03-03,D,,,,,,,,,,,5.00,,,,
02,2020-03-03,E,,,,,,,,,,,19.00,,,,
03,2020-03-03,0,,314.00,,,,143.00,171.00,,,,,,,,
03,2020-03-03,A,,101.00,,,,,,,,,,,,,
03,2020-03-03,B,,141.00,,,,,,,,,,,,,
03,2020-03-03,C,,52.00,,,,,,,,,,,,,
03,2020-03-03,D,,10.00,,,,,,,,,,,,,
03,2020-03-03,E,,10.00,,,,,,,,,,,,,
04,2020-03-03,0,,470.00,,,,251.00,219.00,,,,,,,,
04,2020-03-03,A,,108.00,,,,,,,,,,,,,
04,2020-03-03,B,,164.00,,,,,,,,,,,,,
04,2020-03-03,C,,120.00,,,,,,,,,,,,,
04,2020-03-03,D,,38.00,,,,,,,,,,,,,
04,2020-03-03,E,,40.00,,,,,,,,,,,,,
06,2020-03-03,0,,113.00,,,,57.00,56.00,,,,,,,,
06,2020-03-03,A,,45.00,,,,,,,,,,,,,
06,2020-03-03,B,,45.00,,,,,,,,,,,,,
06,2020-03-03,C,,17.00,,,,,,,,,,,,,
06,2020-03-03,D,,5.00,,,,,,,,,,,,,
06,2020-03-03,E,,1.00,,,,,,,,,,,,,
07,2020-03-03,0,,28.00,,,,23.00,5.00,,,,,,,,
07,2020-03-03,A,,3.00,,,,,,,,,,,,,
07,2020-03-03,B,,14.00,,,,,,,,,,,,,
07,2020-03-03,C,,10.00,,,,,,,,,,,,,
07,2020-03-03,D,,,,,,,,,,,,,,,
07,2020-03-03,E,,1.00,,,,,,,,,,,,,
08,2020-03-03,0,,25.00,,,,12.00,13.00,,,,,,,,
08,2020-03-03,A,,5.00,,,,,,,,,,,,,
08,2020-03-03,B,,12.00,,,,,,,,,,,,,
08,2020-03-03,C,,4.00,,,,,,,,,,,,,
08,2020-03-03,D,,1.00,,,,,,,,,,,,,
08,2020-03-03,E,,3.00,,,,,,,,,,,,,
11,2020-03-03,0,20.00,7300.00,6.00,12.00,8.00,3813.00,3486.00,4.00,2.00,,2089.00,,,928.00,1158.00
11,2020-03-03,A,1.00,1842.00,1.00,,,,,,,,672.00,,,,
11,2020-03-03,B,11.00,3015.00,2.00,,,,,,,,916.00,,,,
11,2020-03-03,C,7.00,1328.00,2.00,,,,,,,,308.00,,,,
11,2020-03-03,D,,398.00,,,,,,,,,65.00,,,,
11,2020-03-03,E,1.00,717.00,1.00,,,,,,,,105.00,,,,
24,2020-03-03,0,,1623.00,,,,812.00,810.00,,,1.00,464.00,,1.00,189.00,275.00
24,2020-03-03,A,,317.00,,,,,,,,,95.00,,,,
24,2020-03-03,B,,580.00,,,,,,,,1.00,262.00,,,,
24,2020-03-03,C,,313.00,,,,,,,,,62.00,,,,
24,2020-03-03,D,,142.00,,,,,,,,,19.00,,,,
24,2020-03-03,E,,271.00,,,,,,,,,26.00,,,,
27,2020-03-03,0,16.00,1920.00,10.00,4.00,12.00,1041.00,878.00,4.00,6.00,,387.00,,,186.00,201.00
27,2020-03-03,A,,310.00,,,,,,,,,104.00,,,,
27,2020-03-03,B,3.00,645.00,1.00,,,,,,,,177.00,,,,
27,2020-03-03,C,6.00,437.00,3.00,,,,,,,,48.00,,,,
27,2020-03-03,D,2.00,188.00,2.00,,,,,,,,25.00,,,,
27,2020-03-03,E,5.00,340.00,4.00,,,,,,,,28.00,,,,
28,2020-03-03,0,1.00,2258.00,,1.00,,1153.00,1105.00,,,1.00,623.00,1.00,,266.00,357.00
28,2020-03-03,A,,560.00,,,,,,,,,165.00,,,,
28,2020-03-03,B,1.00,786.00,,,,,,,,1.00,305.00,,,,
28,2020-03-03,C,,407.00,,,,,,,,,103.00,,,,
28,2020-03-03,D,,189.00,,,,,,,,,23.00,,,,
28,2020-03-03,E,,316.00,,,,,,,,,27.00,,,,
32,2020-03-03,0,19.00,3565.00,1.00,3.00,16.00,1776.00,1789.00,,1.00,,1389.00,,,595.00,794.00
32,2020-03-03,A,1.00,842.00,,,,,,,,,388.00,,,,
32,2020-03-03,B,12.00,1410.00,,,,,,,,,737.00,,,,
32,2020-03-03,C,4.00,599.00,,,,,,,,,171.00,,,,
32,2020-03-03,D,1.00,272.00,1.00,,,,,,,,43.00,,,,
32,2020-03-03,E,1.00,441.00,,,,,,,,,42.00,,,,
44,2020-03-03,0,11.00,3375.00,2.00,4.00,7.00,1724.00,1651.00,,2.00,4.00,734.00,1.00,3.00,311.00,423.00
44,2020-03-03,A,1.00,748.00,,,,,,,,,203.00,,,,
44,2020-03-03,B,4.00,1169.00,1.00,,,,,,,,353.00,,,,
44,2020-03-03,C,5.00,634.00,1.00,,,,,,,3.00,87.00,,,,
44,2020-03-03,D,1.00,301.00,,,,,,,,1.00,32.00,,,,
44,2020-03-03,E,,522.00,,,,,,,,,56.00,,,,
52,2020-03-03,0,37.00,1753.00,13.00,17.00,20.00,960.00,793.00,7.00,6.00,,588.00,,,249.00,320.00
52,2020-03-03,A,3.00,393.00,1.00,,,,,,,,125.00,,,,
52,2020-03-03,B,22.00,648.00,6.00,,,,,,,,307.00,,,,
52,2020-03-03,C,9.00,324.00,4.00,,,,,,,,82.00,,,,
52,2020-03-03,D,3.00,139.00,2.00,,,,,,,,24.00,,,,
52,2020-03-03,E,,249.00,,,,,,,,,46.00,,,,
53,2020-03-03,0,8.00,1789.00,1.00,5.00,3.00,918.00,871.00,1.00,,,472.00,,,217.00,255.00
53,2020-03-03,A,1.00,366.00,,,,,,,,,109.00,,,,
53,2020-03-03,B,4.00,615.00,,,,,,,,,232.00,,,,
53,2020-03-03,C,2.00,293.00,1.00,,,,,,,,78.00,,,,
53,2020-03-03,D,1.00,168.00,,,,,,,,,15.00,,,,
53,2020-03-03,E,,347.00,,,,,,,,,38.00,,,,
75,2020-03-03,0,12.00,3494.00,2.00,7.00,5.00,1843.00,1651.00,1.00,1.00,,1485.00,,,615.00,870.00
75,2020-03-03,A,1.00,478.00,,,,,,,,,341.00,,,,
75,2020-03-03,B,6.00,1215.00,,,,,,,,,714.00,,,,
75,2020-03-03,C,3.00,712.00,,,,,,,,,238.00,,,,
75,2020-03-03,D,,383.00,,,,,,,,,81.00,,,,
75,2020-03-03,E,2.00,706.00,2.00,,,,,,,,111.00,,,,
76,2020-03-03,0,5.00,3686.00,,3.00,2.00,1842.00,1843.00,,,,472.00,,,208.00,264.00
76,2020-03-03,A,1.00,779.00,,,,,,,,,155.00,,,,
76,2020-03-03,B,3.00,1355.00,,,,,,,,,207.00,,,,
76,2020-03-03,C,1.00,706.00,,,,,,,,,66.00,,,,
76,2020-03-03,D,,324.00,,,,,,,,,16.00,,,,
76,2020-03-03,E,,522.00,,,,,,,,,28.00,,,,
84,2020-03-03,0,3.00,5030.00,2.00,2.00,1.00,2575.00,2455.00,2.00,,,1089.00,,,475.00,611.00
84,2020-03-03,A,,976.00,,,,,,,,,245.00,,,,
84,2020-03-03,B,2.00,1947.00,2.00,,,,,,,,509.00,,,,
84,2020-03-03,C,1.00,952.00,,,,,,,,,165.00,,,,
84,2020-03-03,D,,400.00,,,,,,,,,35.00,,,,
84,2020-03-03,E,,755.00,,,,,,,,,130.00,,,,
93,2020-03-03,0,8.00,3621.00,6.00,6.00,2.00,1848.00,1773.00,5.00,1.00,,963.00,,,419.00,544.00
93,2020-03-03,A,1.00,782.00,1.00,,,,,,,,295.00,,,,
93,2020-03-03,B,3.00,1292.00,2.00,,,,,,,,370.00,,,,
93,2020-03-03,C,1.00,623.00,1.00,,,,,,,,148.00,,,,
93,2020-03-03,D,2.00,336.00,1.00,,,,,,,,50.00,,,,
93,2020-03-03,E,1.00,588.00,1.00,,,,,,,,94.00,,,,
94,2020-03-03,0,11.00,235.00,10.00,4.00,7.00,121.00,114.00,3.00,7.00,,107.00,,,36.00,59.00
94,2020-03-03,A,4.00,33.00,4.00,,,,,,,,32.00,,,,
94,2020-03-03,B,5.00,84.00,4.00,,,,,,,,44.00,,,,
94,2020-03-03,C,1.00,50.00,1.00,,,,,,,,23.00,,,,
94,2020-03-03,D,1.00,24.00,1.00,,,,,,,,5.00,,,,
94,2020-03-03,E,,44.00,,,,,,,,,2.00,,,,
01,2020-03-04,0,,222.00,,,,107.00,115.00,,,,,,,,
01,2020-03-04,A,,70.00,,,,,,,,,,,,,
01,2020-03-04,B,,73.00,,,,,,,,,,,,,
01,2020-03-04,C,,39.00,,,,,,,,,,,,,
01,2020-03-04,D,,10.00,,,,,,,,,,,,,
01,2020-03-04,E,,30.00,,,,,,,,,,,,,
02,2020-03-04,0,,,,,,,,,,,153.00,,,57.00,96.00
02,2020-03-04,A,,,,,,,,,,,27.00,,,,
02,2020-03-04,B,,,,,,,,,,,50.00,,,,
02,2020-03-04,C,,,,,,,,,,,40.00,,,,
02,2020-03-04,D,,,,,,,,,,,13.00,,,,
02,2020-03-04,E,,,,,,,,,,,23.00,,,,
03,2020-03-04,0,,306.00,,,,149.00,157.00,,,,,,,,
03,2020-03-04,A,,104.00,,,,,,,,,,,,,
03,2020-03-04,B,,120.00,,,,,,,,,,,,,
03,2020-03-04,C,,63.00,,,,,,,,,,,,,
03,2020-03-04,D,,11.00,,,,,,,,,,,,,
03,2020-03-04,E,,8.00,,,,,,,,,,,,,
04,2020-03-04,0,,512.00,,,,276.00,236.00,,,,,,,,
04,2020-03-04,A,,134.00,,,,,,,,,,,,,
04,2020-03-04,B,,174.00,,,,,,,,,,,,,
04,2020-03-04,C,,110.00,,,,,,,,,,,,,
04,2020-03-04,D,,44.00,,,,,,,,,,,,,
04,2020-03-04,E,,50.00,,,,,,,,,,,,,
06,2020-03-04,0,,128.00,,,,68.00,60.00,,,,,,,,
06,2020-03-04,A,,55.00,,,,,,,,,,,,,
06,2020-03-04,B,,51.00,,,,,,,,,,,,,
06,2020-03-04,C,,18.00,,,,,,,,,,,,,
06,2020-03-04,D,,2.00,,,,,,,,,,,,,
06,2020-03-04,E,,2.00,,,,,,,,,,,,,
07,2020-03-04,0,,28.00,,,,15.00,13.00,,,,,,,,
07,2020-03-04,A,,3.00,,,,,,,,,,,,,
07,2020-03-04,B,,16.00,,,,,,,,,,,,,
07,2020-03-04,C,,8.00,,,,,,,,,,,,,
07,2020-03-04,D,,1.00,,,,,,,,,,,,,
07,2020-03-04,E,,,,,,,,,,,,,,,
08,2020-03-04,0,,22.00,,,,10.00,12.00,,,,,,,,
08,2020-03-04,A,,3.00,,,,,,,,,,,,,
08,2020-03-04,B,,12.00,,,,,,,,,,,,,
08,2020-03-04,C,,5.00,,,,,,,,,,,,,
08,2020-03-04,D,,2.00,,,,,,,,,,,,,
08,2020-03-04,E,,,,,,,,,,,,,,,
11,2020-03-04,0,30.00,7065.00,11.00,14.00,16.00,3647.00,3418.00,4.00,7.00,2.00,2068.00,,2.00,870.00,1193.00
11,2020-03-04,A,1.00,1703.00,,,,,,,,,594.00,,,,
11,2020-03-04,B,16.00,2938.00,3.00,,,,,,,2.00,913.00,,,,
11,2020-03-04,C,5.00,1348.00,,,,,,,,,333.00,,,,
11,2020-03-04,D,4.00,441.00,4.00,,,,,,,,81.00,,,,
11,2020-03-04,E,4.00,635.00,4.00,,,,,,,,133.00,,,,
24,2020-03-04,0,,1406.00,,,,659.00,747.00,,,,521.00,,,215.00,306.00
24,2020-03-04,A,,289.00,,,,,,,,,91.00,,,,
24,2020-03-04,B,,489.00,,,,,,,,,309.00,,,,
24,2020-03-04,C,,252.00,,,,,,,,,84.00,,,,
24,2020-03-04,D,,132.00,,,,,,,,,13.00,,,,
24,2020-03-04,E,,244.00,,,,,,,,,24.00,,,,
27,2020-03-04,0,22.00,1953.00,10.00,14.00,8.00,969.00,984.00,6.00,4.00,,346.00,,,153.00,193.00
27,2020-03-04,A,,370.00,,,,,,,,,70.00,,,,
27,2020-03-04,B,9.00,657.00,4.00,,,,,,,,149.00,,,,
27,2020-03-04,C,9.00,417.00,3.00,,,,,,,,62.00,,,,
27,2020-03-04,D,3.00,178.00,3.00,,,,,,,,32.00,,,,
27,2020-03-04,E,1.00,331.00,,,,,,,,,28.00,,,,
28,2020-03-04,0,4.00,2160.00,1.00,3.00,1.00,1118.00,1040.00,1.00,,,611.00,,,271.00,340.00
28,2020-03-04,A,,486.00,,,,,,,,,161.00,,,,
28,2020-03-04,B,2.00,778.00,,,,,,,,,324.00,,,,
28,2020-03-04,C,2.00,401.00,1.00,,,,,,,,72.00,,,,
28,2020-03-04,D,,177.00,,,,,,,,,23.00,,,,
28,2020-03-04,E,,318.00,,,,,,,,,31.00,,,,
32,2020-03-04,0,18.00,3307.00,1.00,8.00,10.00,1691.00,1616.00,1.00,,,1342.00,,,609.00,733.00
32,2020-03-04,A,1.00,797.00,,,,,,,,,377.00,,,,
32,2020-03-04,B,11.00,1209.00,,,,,,,,,695.00,,,,
32,2020-03-04,C,2.00,579.00,,,,,,,,,178.00,,,,
32,2020-03-04,D,2.00,292.00,,,,,,,,,36.00,,,,
32,2020-03-04,E,2.00,429.00,1.00,,,,,,,,44.00,,,,
44,2020-03-04,0,16.00,3409.00,4.00,6.00,10.00,1783.00,1623.00,2.00,2.00,1.00,714.00,,1.00,320.00,393.00
44,2020-03-04,A,1.00,756.00,,,,,,,,,161.00,,,,
44,2020-03-04,B,4.00,1236.00,,,,,,,,1.00,371.00,,,,
44,2020-03-04,C,8.00,640.00,2.00,,,,,,,,95.00,,,,
44,2020-03-04,D,1.00,291.00,1.00,,,,,,,,24.00,,,,
44,2020-03-04,E,2.00,486.00,1.00,,,,,,,,58.00,,,,
52,2020-03-04,0,42.00,1710.00,11.00,18.00,24.00,923.00,787.00,6.00,5.00,,489.00,,,210.00,273.00
52,2020-03-04,A,8.00,336.00,2.00,,,,,,,,139.00,,,,
52,2020-03-04,B,19.00,644.00,3.00,,,,,,,,224.00,,,,
52,2020-03-04,C,14.00,319.00,6.00,,,,,,,,50.00,,,,
52,2020-03-04,D,,145.00,,,,,,,,,18.00,,,,
52,2020-03-04,E,1.00,265.00,,,,,,,,,58.00,,,,
53,2020-03-04,0,65.00,1900.00,,24.00,41.00,970.00,930.00,,,,381.00,,,165.00,215.00
53,2020-03-04,A,4.00,391.00,,,,,,,,,81.00,,,,
53,2020-03-04,B,31.00,681.00,,,,,,,,,182.00,,,,
53,2020-03-04,C,23.00,349.00,,,,,,,,,60.00,,,,
53,2020-03-04,D,3.00,165.00,,,,,,,,,22.00,,,,
53,2020-03-04,E,4.00,314.00,,,,,,,,,35.00,,,,
75,2020-03-04,0,13.00,3447.00,3.00,4.00,9.00,1704.00,1743.00,,3.00,2.00,1516.00,1.00,1.00,656.00,860.00
75,2020-03-04,A,,478.00,,,,,,,,,372.00,,,,
75,2020-03-04,B,5.00,1168.00,,,,,,,,2.00,686.00,,,,
75,2020-03-04,C,6.00,694.00,2.00,,,,,,,,260.00,,,,
75,2020-03-04,D,1.00,375.00,,,,,,,,,60.00,,,,
75,2020-03-04,E,1.00,732.00,1.00,,,,,,,,138.00,,,,
76,2020-03-04,0,3.00,3810.00,,2.00,1.00,1955.00,1855.00,,,,465.00,,,191.00,274.00
76,2020-03-04,A,,815.00,,,,,,,,,147.00,,,,
76,2020-03-04,B,2.00,1397.00,,,,,,,,,197.00,,,,
76,2020-03-04,C,1.00,719.00,,,,,,,,,67.00,,,,
76,2020-03-04,D,,324.00,,,,,,,,,24.00,,,,
76,2020-03-04,E,,555.00,,,,,,,,,30.00,,,,
84,2020-03-04,0,12.00,4886.00,2.00,2.00,10.00,2517.00,2369.00,,2.00,2.00,1159.00,1.00,1.00,483.00,660.00
84,2020-03-04,A,1.00,970.00,,,,,,,,,270.00,,,,
84,2020-03-04,B,7.00,1882.00,,,,,,,,2.00,518.00,,,,
84,2020-03-04,C,2.00,984.00,,,,,,,,,181.00,,,,
84,2020-03-04,D,1.00,397.00,1.00,,,,,,,,59.00,,,,
84,2020-03-04,E,1.00,653.00,1.00,,,,,,,,125.00,,,,
93,2020-03-04,0,13.00,3737.00,6.00,8.00,5.00,1896.00,1841.00,3.00,3.00,,999.00,,,398.00,601.00
93,2020-03-04,A,4.00,803.00,1.00,,,,,,,,304.00,,,,
93,2020-03-04,B,4.00,1312.00,2.00,,,,,,,,395.00,,,,
93,2020-03-04,C,5.00,671.00,3.00,,,,,,,,159.00,,,,
93,2020-03-04,D,,304.00,,,,,,,,,53.00,,,,
93,2020-03-04,E,,647.00,,,,,,,,,85.00,,,,
94,2020-03-04,0,7.00,228.00,7.00,1.00,6.00,109.00,119.00,1.00,6.00,,13.00,,,5.00,8.00
94,2020-03-04,A,,38.00,,,,,,,,,4.00,,,,
94,2020-03-04,B,,85.00,,,,,,,,,5.00,,,,
94,2020-03-04,C,5.00,58.00,5.00,,,,,,,,4.00,,,,
94,2020-03-04,D,1.00,17.00,1.00,,,,,,,,,,,,
94,2020-03-04,E,1.00,30.00,1.00,,,,,,,,,,,,
01,2020-03-05,0,,246.00,,,,116.00,130.00,,,,,,,,
01,2020-03-05,A,,64.00,,,,,,,,,,,,,
01,2020-03-05,B,,80.00,,,,,,,,,,,,,
01,2020-03-05,C,,53.00,,,,,,,,,,,,,
01,2020-03-05,D,,20.00,,,,,,,,,,,,,
01,2020-03-05,E,,29.00,,,,,,,,,,,,,
02,2020-03-05,0,,,,,,,,,,,158.00,,,54.00,104.00
02,2020-03-05,A,,,,,,,,,,,29.00,,,,
02,2020-03-05,B,,,,,,,,,,,64.00,,,,
02,2020-03-05,C,,,,,,,,,,,26.00,,,,
02,2020-03-05,D,,,,,,,,,,,14.00,,,,
02,2020-03-05,E,,,,,,,,,,,25.00,,,,
03,2020-03-05,0,,256.00,,,,131.00,125.00,,,,,,,,
03,2020-03-05,A,,102.00,,,,,,,,,,,,,
03,2020-03-05,B,,102.00,,,,,,,,,,,,,
03,2020-03-05,C,,39.00,,,,,,,,,,,,,
03,2020-03-05,D,,7.00,,,,,,,,,,,,,
03,2020-03-05,E,,6.00,,,,,,,,,,,,,
04,2020-03-05,0,,495.00,,,,235.00,260.00,,,,,,,,
04,2020-03-05,A,,134.00,,,,,,,,,,,,,
04,2020-03-05,B,,177.00,,,,,,,,,,,,,
04,2020-03-05,C,,102.00,,,,,,,,,,,,,
04,2020-03-05,D,,31.00,,,,,,,,,,,,,
04,2020-03-05,E,,51.00,,,,,,,,,,,,,
06,2020-03-05,0,,120.00,,,,68.00,52.00,,,,,,,,
06,2020-03-05,A,,50.00,,,,,,,,,,,,,
06,2020-03-05,B,,43.00,,,,,,,,,,,,,
06,2020-03-05,C,,15.00,,,,,,,,,,,,,
06,2020-03-05,D,,6.00,,,,,,,,,,,,,
06,2020-03-05,E,,6.00,,,,,,,,,,,,,
07,2020-03-05,0,,23.00,,,,16.00,7.00,,,,,,,,
07,2020-03-05,A,,1.00,,,,,,,,,,,,,
07,2020-03-05,B,,10.00,,,,,,,,,,,,,
07,2020-03-05,C,,10.00,,,,,,,,,,,,,
07,2020-03-05,D,,,,,,,,,,,,,,,
07,2020-03-05,E,,2.00,,,,,,,,,,,,,
08,2020-03-05,0,,40.00,,,,19.00,21.00,,,,,,,,
08,2020-03-05,A,,9.00,,,,,,,,,,,,,
08,2020-03-05,B,,16.00,,,,,,,,,,,,,
08,2020-03-05,C,,11.00,,,,,,,,,,,,,
08,2020-03-05,D,,1.00,,,,,,,,,,,,,
08,2020-03-05,E,,3.00,,,,,,,,,,,,,
11,2020-03-05,0,50.00,7516.00,14.00,22.00,28.00,3912.00,3602.00,10.00,4.00,7.00,2120.00,2.00,5.00,914.00,1201.00
11,2020-03-05,A,3.00,1886.00,1.00,,,,,,,1.00,668.00,,,,
11,2020-03-05,B,23.00,3087.00,2.00,,,,,,,3.00,902.00,,,,
11,2020-03-05,C,12.00,1313.00,3.00,,,,,,,3.00,333.00,,,,
11,2020-03-05,D,5.00,473.00,2.00,,,,,,,,74.00,,,,
11,2020-03-05,E,7.00,757.00,6.00,,,,,,,,124.00,,,,
24,2020-03-05,0,2.00,1620.00,,2.00,,793.00,827.00,,,,466.00,,,220.00,246.00
24,2020-03-05,A,1.00,352.00,,,,,,,,,112.00,,,,
24,2020-03-05,B,1.00,550.00,,,,,,,,,245.00,,,,
24,2020-03-05,C,,316.00,,,,,,,,,62.00,,,,
24,2020-03-05,D,,151.00,,,,,,,,,14.00,,,,
24,2020-03-05,E,,251.00,,,,,,,,,33.00,,,,
27,2020-03-05,0,27.00,1966.00,12.00,15.00,12.00,1003.00,963.00,5.00,7.00,2.00,327.00,2.00,,143.00,183.00
27,2020-03-05,A,1.00,292.00,,,,,,,,1.00,62.00,,,,
27,2020-03-05,B,14.00,703.00,4.00,,,,,,,1.00,156.00,,,,
27,2020-03-05,C,7.00,404.00,3.00,,,,,,,,47.00,,,,
27,2020-03-05,D,1.00,196.00,1.00,,,,,,,,20.00,,,,
27,2020-03-05,E,4.00,370.00,4.00,,,,,,,,36.00,,,,
28,2020-03-05,0,5.00,2305.00,4.00,2.00,3.00,1129.00,1174.00,2.00,2.00,2.00,683.00,1.00,1.00,307.00,376.00
28,2020-03-05,A,,533.00,,,,,,,,1.00,186.00,,,,
28,2020-03-05,B,2.00,838.00,1.00,,,,,,,1.00,344.00,,,,
28,2020-03-05,C,2.00,409.00,2.00,,,,,,,,95.00,,,,
28,2020-03-05,D,1.00,179.00,1.00,,,,,,,,20.00,,,,
28,2020-03-05,E,,346.00,,,,,,,,,38.00,,,,
32,2020-03-05,0,17.00,3606.00,3.00,5.00,12.00,1812.00,1794.00,2.00,1.00,,1439.00,,,660.00,779.00
32,2020-03-05,A,,972.00,,,,,,,,,466.00,,,,
32,2020-03-05,B,9.00,1351.00,2.00,,,,,,,,715.00,,,,
32,2020-03-05,C,7.00,589.00,,,,,,,,,156.00,,,,
32,2020-03-05,D,,250.00,,,,,,,,,37.00,,,,
32,2020-03-05,E,1.00,444.00,1.00,,,,,,,,61.00,,,,
44,2020-03-05,0,23.00,3465.00,8.00,9.00,14.00,1795.00,1668.00,6.00,2.00,,721.00,,,330.00,389.00
44,2020-03-05,A,,790.00,,,,,,,,,248.00,,,,
44,2020-03-05,B,11.00,1270.00,1.00,,,,,,,,319.00,,,,
44,2020-03-05,C,8.00,637.00,3.00,,,,,,,,83.00,,,,
44,2020-03-05,D,1.00,269.00,1.00,,,,,,,,25.00,,,,
44,2020-03-05,E,3.00,499.00,3.00,,,,,,,,46.00,,,,
52,2020-03-05,0,27.00,1706.00,5.00,12.00,15.00,870.00,836.00,3.00,2.00,,550.00,,,248.00,296.00
52,2020-03-05,A,4.00,363.00,,,,,,,,,161.00,,,,
52,2020-03-05,B,18.00,604.00,2.00,,,,,,,,231.00,,,,
52,2020-03-05,C,3.00,309.00,1.00,,,,,,,,49.00,,,,
52,2020-03-05,D,1.00,160.00,1.00,,,,,,,,37.00,,,,
52,2020-03-05,E,1.00,269.00,1.00,,,,,,,,71.00,,,,
53,2020-03-05,0,96.00,1846.00,,32.00,64.00,938.00,908.00,,,,404.00,,,179.00,225.00
53,2020-03-05,A,5.00,425.00,,,,,,,,,90.00,,,,
53,2020-03-05,B,59.00,635.00,,,,,,,,,179.00,,,,
53,2020-03-05,C,25.00,320.00,,,,,,,,,58.00,,,,
53,2020-03-05,D,7.00,172.00,,,,,,,,,17.00,,,,
53,2020-03-05,E,,294.00,,,,,,,,,60.00,,,,
75,2020-03-05,0,14.00,3370.00,1.00,6.00,8.00,1737.00,1633.00,1.00,,,1431.00,,,605.00,826.00
75,2020-03-05,A,2.00,478.00,,,,,,,,,327.00,,,,
75,2020-03-05,B,8.00,1125.00,1.00,,,,,,,,655.00,,,,
75,2020-03-05,C,3.00,684.00,,,,,,,,,231.00,,,,
75,2020-03-05,D,1.00,362.00,,,,,,,,,76.00,,,,
75,2020-03-05,E,,721.00,,,,,,,,,142.00,,,,
76,2020-03-05,0,11.00,3806.00,4.00,6.00,5.00,1917.00,1889.00,2.00,2.00,1.00,427.00,,1.00,195.00,232.00
76,2020-03-05,A,,833.00,,,,,,,,1.00,162.00,,,,
76,2020-03-05,B,2.00,1415.00,,,,,,,,,177.00,,,,
76,2020-03-05,C,3.00,697.00,1.00,,,,,,,,43.00,,,,
76,2020-03-05,D,2.00,330.00,1.00,,,,,,,,18.00,,,,
76,2020-03-05,E,4.00,531.00,2.00,,,,,,,,27.00,,,,
84,2020-03-05,0,5.00,4731.00,1.00,3.00,2.00,2425.00,2306.00,1.00,,1.00,1104.00,,1.00,496.00,605.00
84,2020-03-05,A,,940.00,,,,,,,,,241.00,,,,
84,2020-03-05,B,3.00,1804.00,1.00,,,,,,,1.00,511.00,,,,
84,2020-03-05,C,2.00,886.00,,,,,,,,,176.00,,,,
84,2020-03-05,D,,394.00,,,,,,,,,52.00,,,,
84,2020-03-05,E,,707.00,,,,,,,,,122.00,,,,
93,2020-03-05,0,23.00,3652.00,12.00,13.00,10.00,1884.00,1767.00,7.00,5.00,,952.00,,,386.00,565.00
93,2020-03-05,A,,805.00,,,,,,,,,304.00,,,,
93,2020-03-05,B,8.00,1234.00,1.00,,,,,,,,372.00,,,,
93,2020-03-05,C,7.00,727.00,4.00,,,,,,,,131.00,,,,
93,2020-03-05,D,3.00,325.00,2.00,,,,,,,,56.00,,,,
93,2020-03-05,E,5.00,561.00,5.00,,,,,,,,89.00,,,,
94,2020-03-05,0,15.00,240.00,7.00,3.00,12.00,130.00,110.00,2.00,5.00,,28.00,,,12.00,15.00
94,2020-03-05,A,3.00,58.00,1.00,,,,,,,,7.00,,,,
94,2020-03-05,B,8.00,80.00,4.00,,,,,,,,12.00,,,,
94,2020-03-05,C,4.00,42.00,2.00,,,,,,,,2.00,,,,
94,2020-03-05,D,,22.00,,,,,,,,,3.00,,,,
94,2020-03-05,E,,38.00,,,,,,,,,2.00,,,,
01,2020-03-06,0,,243.00,,,,108.00,135.00,,,,,,,,
01,2020-03-06,A,,66.00,,,,,,,,,,,,,
01,2020-03-06,B,,85.00,,,,,,,,,,,,,
01,2020-03-06,C,,48.00,,,,,,,,,,,,,
01,2020-03-06,D,,22.00,,,,,,,,,,,,,
01,2020-03-06,E,,22.00,,,,,,,,,,,,,
02,2020-03-06,0,,,,,,,,,,,144.00,,,52.00,92.00
02,2020-03-06,A,,,,,,,,,,,34.00,,,,
02,2020-03-06,B,,,,,,,,,,,60.00,,,,
02,2020-03-06,C,,,,,,,,,,,18.00,,,,
02,2020-03-06,D,,,,,,,,,,,12.00,,,,
02,2020-03-06,E,,,,,,,,,,,20.00,,,,
03,2020-03-06,0,,286.00,,,,138.00,148.00,,,,,,,,
03,2020-03-06,A,,94.00,,,,,,,,,,,,,
03,2020-03-06,B,,115.00,,,,,,,,,,,,,
03,2020-03-06,C,,53.00,,,,,,,,,,,,,
03,2020-03-06,D,,10.00,,,,,,,,,,,,,
03,2020-03-06,E,,14.00,,,,,,,,,,,,,
04,2020-03-06,0,4.00,568.00,4.00,1.00,3.00,290.00,278.00,1.00,3.00,,,,,,
04,2020-03-06,A,1.00,139.00,1.00,,,,,,,,,,,,
04,2020-03-06,B,2.00,198.00,2.00,,,,,,,,,,,,
04,2020-03-06,C,1.00,133.00,1.00,,,,,,,,,,,,
04,2020-03-06,D,,48.00,,,,,,,,,,,,,
04,2020-03-06,E,,50.00,,,,,,,,,,,,,
06,2020-03-06,0,,138.00,,,,70.00,68.00,,,,,,,,
06,2020-03-06,A,,53.00,,,,,,,,,,,,,
06,2020-03-06,B,,61.00,,,,,,,,,,,,,
06,2020-03-06,C,,18.00,,,,,,,,,,,,,
06,2020-03-06,D,,4.00,,,,,,,,,,,,,
06,2020-03-06,E,,2.00,,,,,,,,,,,,,
07,2020-03-06,0,,19.00,,,,10.00,9.00,,,,,,,,
07,2020-03-06,A,,1.00,,,,,,,,,,,,,
07,2020-03-06,B,,13.00,,,,,,,,,,,,,
07,2020-03-06,C,,5.00,,,,,,,,,,,,,
07,2020-03-06,D,,,,,,,,,,,,,,,
07,2020-03-06,E,,,,,,,,,,,,,,,
08,2020-03-06,0,,27.00,,,,13.00,14.00,,,,,,,,
08,2020-03-06,A,,9.00,,,,,,,,,,,,,
08,2020-03-06,B,,10.00,,,,,,,,,,,,,
08,2020-03-06,C,,5.00,,,,,,,,,,,,,
08,2020-03-06,D,,3.00,,,,,,,,,,,,,
08,2020-03-06,E,,,,,,,,,,,,,,,
11,2020-03-06,0,46.00,7223.00,22.00,23.00,23.00,3795.00,3428.00,11.00,11.00,11.00,1832.00,7.00,4.00,813.00,1012.00
11,2020-03-06,A,5.00,1903.00,3.00,,,,,,,2.00,656.00,,,,
11,2020-03-06,B,12.00,2780.00,1.00,,,,,,,7.00,721.00,,,,
11,2020-03-06,C,11.00,1346.00,3.00,,,,,,,2.00,234.00,,,,
11,2020-03-06,D,5.00,462.00,4.00,,,,,,,,81.00,,,,
11,2020-03-06,E,13.00,732.00,11.00,,,,,,,,125.00,,,,
24,2020-03-06,0,,1695.00,,,,846.00,848.00,,,,454.00,,,191.00,263.00
24,2020-03-06,A,,376.00,,,,,,,,,114.00,,,,
24,2020-03-06,B,,612.00,,,,,,,,,242.00,,,,
24,2020-03-06,C,,279.00,,,,,,,,,64.00,,,,
24,2020-03-06,D,,138.00,,,,,,,,,11.00,,,,
24,2020-03-06,E,,290.00,,,,,,,,,22.00,,,,
27,2020-03-06,0,38.00,1971.00,13.00,14.00,24.00,1007.00,964.00,5.00,8.00,1.00,372.00,,1.00,164.00,206.00
27,2020-03-06,A,2.00,319.00,,,,,,,,,98.00,,,,
27,2020-03-06,B,16.00,688.00,2.00,,,,,,,,132.00,,,,
27,2020-03-06,C,10.00,377.00,3.00,,,,,,,1.00,72.00,,,,
27,2020-03-06,D,2.00,190.00,2.00,,,,,,,,30.00,,,,
27,2020-03-06,E,8.00,397.00,6.00,,,,,,,,34.00,,,,
28,2020-03-06,0,2.00,2237.00,,2.00,,1143.00,1094.00,,,2.00,629.00,2.00,,263.00,365.00
28,2020-03-06,A,2.00,537.00,,,,,,,,,187.00,,,,
28,2020-03-06,B,,783.00,,,,,,,,2.00,294.00,,,,
28,2020-03-06,C,,374.00,,,,,,,,,84.00,,,,
28,2020-03-06,D,,185.00,,,,,,,,,23.00,,,,
28,2020-03-06,E,,358.00,,,,,,,,,41.00,,,,
32,2020-03-06,0,24.00,3502.00,2.00,9.00,15.00,1780.00,1722.00,1.00,1.00,1.00,1333.00,,1.00,599.00,734.00
32,2020-03-06,A,,832.00,,,,,,,,,434.00,,,,
32,2020-03-06,B,15.00,1255.00,,,,,,,,,598.00,,,,
32,2020-03-06,C,8.00,651.00,1.00,,,,,,,,186.00,,,,
32,2020-03-06,D,,280.00,,,,,,,,1.00,48.00,,,,
32,2020-03-06,E,1.00,484.00,1.00,,,,,,,,62.00,,,,
44,2020-03-06,0,28.00,3413.00,14.00,10.00,18.00,1713.00,1699.00,4.00,10.00,4.00,677.00,2.00,2.00,299.00,377.00
44,2020-03-06,A,3.00,823.00,,,,,,,,,219.00,,,,
44,2020-03-06,B,8.00,1104.00,,,,,,,,2.00,275.00,,,,
44,2020-03-06,C,9.00,630.00,7.00,,,,,,,2.00,100.00,,,,
44,2020-03-06,D,2.00,320.00,1.00,,,,,,,,30.00,,,,
44,2020-03-06,E,6.00,536.00,6.00,,,,,,,,50.00,,,,
52,2020-03-06,0,38.00,1731.00,10.00,19.00,19.00,895.00,836.00,6.00,4.00,1.00,547.00,1.00,,240.00,302.00
52,2020-03-06,A,5.00,368.00,,,,,,,,,145.00,,,,
52,2020-03-06,B,19.00,609.00,4.00,,,,,,,,215.00,,,,
52,2020-03-06,C,5.00,291.00,,,,,,,,1.00,78.00,,,,
52,2020-03-06,D,3.00,159.00,1.00,,,,,,,,29.00,,,,
52,2020-03-06,E,6.00,303.00,5.00,,,,,,,,80.00,,,,
53,2020-03-06,0,71.00,1905.00,2.00,21.00,50.00,969.00,936.00,1.00,1.00,,386.00,,,171.00,215.00
53,2020-03-06,A,17.00,454.00,1.00,,,,,,,,92.00,,,,
53,2020-03-06,B,28.00,644.00,,,,,,,,,161.00,,,,
53,2020-03-06,C,15.00,303.00,1.00,,,,,,,,60.00,,,,
53,2020-03-06,D,8.00,165.00,,,,,,,,,18.00,,,,
53,2020-03-06,E,3.00,339.00,,,,,,,,,55.00,,,,
75,2020-03-06,0,19.00,3479.00,2.00,9.00,10.00,1751.00,1728.00,,2.00,3.00,1299.00,1.00,2.00,557.00,742.00
75,2020-03-06,A,1.00,533.00,,,,,,,,1.00,325.00,,,,
75,2020-03-06,B,5.00,1188.00,,,,,,,,1.00,552.00,,,,
75,2020-03-06,C,10.00,682.00,2.00,,,,,,,1.00,202.00,,,,
75,2020-03-06,D,2.00,389.00,,,,,,,,,73.00,,,,
75,2020-03-06,E,1.00,687.00,,,,,,,,,147.00,,,,
76,2020-03-06,0,8.00,3904.00,2.00,3.00,5.00,2017.00,1887.00,1.00,1.00,,427.00,,,173.00,254.00
76,2020-03-06,A,1.00,824.00,,,,,,,,,162.00,,,,
76,2020-03-06,B,3.00,1381.00,1.00,,,,,,,,172.00,,,,
76,2020-03-06,C,1.00,743.00,,,,,,,,,46.00,,,,
76,2020-03-06,D,2.00,349.00,,,,,,,,,19.00,,,,
76,2020-03-06,E,1.00,607.00,1.00,,,,,,,,28.00,,,,
84,2020-03-06,0,5.00,4746.00,3.00,1.00,4.00,2431.00,2315.00,,3.00,,1127.00,,,489.00,635.00
84,2020-03-06,A,,908.00,,,,,,,,,247.00,,,,
84,2020-03-06,B,2.00,1799.00,,,,,,,,,470.00,,,,
84,2020-03-06,C,,861.00,,,,,,,,,187.00,,,,
84,2020-03-06,D,1.00,420.00,1.00,,,,,,,,57.00,,,,
84,2020-03-06,E,2.00,758.00,2.00,,,,,,,,166.00,,,,
93,2020-03-06,0,32.00,3723.00,22.00,17.00,15.00,1936.00,1784.00,13.00,9.00,,896.00,,,368.00,528.00
93,2020-03-06,A,2.00,893.00,2.00,,,,,,,,260.00,,,,
93,2020-03-06,B,11.00,1265.00,8.00,,,,,,,,324.00,,,,
93,2020-03-06,C,5.00,666.00,,,,,,,,,135.00,,,,
93,2020-03-06,D,6.00,296.00,4.00,,,,,,,,59.00,,,,
93,2020-03-06,E,8.00,603.00,8.00,,,,,,,,113.00,,,,
94,2020-03-06,0,27.00,208.00,27.00,16.00,11.00,120.00,88.00,16.00,11.00,,18.00,,,9.00,9.00
94,2020-03-06,A,3.00,20.00,3.00,,,,,,,,7.00,,,,
94,2020-03-06,B,13.00,78.00,13.00,,,,,,,,5.00,,,,
94,2020-03-06,C,10.00,57.00,10.00,,,,,,,,3.00,,,,
94,2020-03-06,D,1.00,23.00,1.00,,,,,,,,2.00,,,,
94,2020-03-06,E,,30.00,,,,,,,,,,,,,
01,2020-03-07,0,,260.00,,,,131.00,129.00,,,,,,,,
01,2020-03-07,A,,60.00,,,,,,,,,,,,,
01,2020-03-07,B,,91.00,,,,,,,,,,,,,
01,2020-03-07,C,,54.00,,,,,,,,,,,,,
01,2020-03-07,D,,28.00,,,,,,,,,,,,,
01,2020-03-07,E,,27.00,,,,,,,,,,,,,
02,2020-03-07,0,,,,,,,,,,,133.00,,,53.00,80.00
02,2020-03-07,A,,,,,,,,,,,39.00,,,,
02,2020-03-07,B,,,,,,,,,,,40.00,,,,
02,2020-03-07,C,,,,,,,,,,,20.00,,,,
02,2020-03-07,D,,,,,,,,,,,12.00,,,,
02,2020-03-07,E,,,,,,,,,,,22.00,,,,
03,2020-03-07,0,1.00,294.00,,,1.00,151.00,143.00,,,,,,,,
03,2020-03-07,A,,101.00,,,,,,,,,,,,,
03,2020-03-07,B,1.00,123.00,,,,,,,,,,,,,
03,2020-03-07,C,,53.00,,,,,,,,,,,,,
03,2020-03-07,D,,8.00,,,,,,,,,,,,,
03,2020-03-07,E,,9.00,,,,,,,,,,,,,
04,2020-03-07,0,,540.00,,,,280.00,260.00,,,,,,,,
04,2020-03-07,A,,113.00,,,,,,,,,,,,,
04,2020-03-07,B,,212.00,,,,,,,,,,,,,
04,2020-03-07,C,,123.00,,,,,,,,,,,,,
04,2020-03-07,D,,46.00,,,,,,,,,,,,,
04,2020-03-07,E,,46.00,,,,,,,,,,,,,
06,2020-03-07,0,,122.00,,,,57.00,65.00,,,,,,,,
06,2020-03-07,A,,40.00,,,,,,,,,,,,,
06,2020-03-07,B,,57.00,,,,,,,,,,,,,
06,2020-03-07,C,,17.00,,,,,,,,,,,,,
06,2020-03-07,D,,6.00,,,,,,,,,,,,,
06,2020-03-07,E,,2.00,,,,,,,,,,,,,
07,2020-03-07,0,,20.00,,,,10.00,10.00,,,,,,,,
07,2020-03-07,A,,1.00,,,,,,,,,,,,,
07,2020-03-07,B,,10.00,,,,,,,,,,,,,
07,2020-03-07,C,,8.00,,,,,,,,,,,,,
07,2020-03-07,D,,,,,,,,,,,,,,,
07,2020-03-07,E,,1.00,,,,,,,,,,,,,
08,2020-03-07,0,,34.00,,,,20.00,14.00,,,,,,,,
08,2020-03-07,A,,7.00,,,,,,,,,,,,,
08,2020-03-07,B,,18.00,,,,,,,,,,,,,
08,2020-03-07,C,,7.00,,,,,,,,,,,,,
08,2020-03-07,D,,,,,,,,,,,,,,,
08,2020-03-07,E,,2.00,,,,,,,,,,,,,
11,2020-03-07,0,52.00,6864.00,17.00,23.00,29.00,3683.00,3178.00,6.00,11.00,24.00,2263.00,10.00,14.00,1019.00,1241.00
11,2020-03-07,A,,1769.00,,,,,,,,5.00,872.00,,,,
11,2020-03-07,B,28.00,2860.00,3.00,,,,,,,12.00,782.00,,,,
11,2020-03-07,C,14.00,1223.00,5.00,,,,,,,4.00,323.00,,,,
11,2020-03-07,D,4.00,386.00,4.00,,,,,,,2.00,100.00,,,,
11,2020-03-07,E,6.00,626.00,5.00,,,,,,,1.00,165.00,,,,
24,2020-03-07,0,1.00,1494.00,,,1.00,768.00,726.00,,,1.00,568.00,1.00,,247.00,321.00
24,2020-03-07,A,,314.00,,,,,,,,,173.00,,,,
24,2020-03-07,B,1.00,503.00,,,,,,,,1.00,240.00,,,,
24,2020-03-07,C,,312.00,,,,,,,,,96.00,,,,
24,2020-03-07,D,,125.00,,,,,,,,,19.00,,,,
24,2020-03-07,E,,239.00,,,,,,,,,40.00,,,,
27,2020-03-07,0,27.00,1918.00,15.00,10.00,17.00,1001.00,917.00,6.00,9.00,1.00,480.00,,1.00,226.00,251.00
27,2020-03-07,A,2.00,359.00,2.00,,,,,,,,140.00,,,,
27,2020-03-07,B,13.00,683.00,3.00,,,,,,,,188.00,,,,
27,2020-03-07,C,3.00,404.00,1.00,,,,,,,1.00,70.00,,,,
27,2020-03-07,D,1.00,157.00,1.00,,,,,,,,28.00,,,,
27,2020-03-07,E,8.00,315.00,8.00,,,,,,,,46.00,,,,
28,2020-03-07,0,3.00,2133.00,2.00,2.00,1.00,1157.00,976.00,1.00,1.00,,761.00,,,328.00,433.00
28,2020-03-07,A,,507.00,,,,,,,,,259.00,,,,
28,2020-03-07,B,3.00,782.00,2.00,,,,,,,,301.00,,,,
28,2020-03-07,C,,366.00,,,,,,,,,117.00,,,,
28,2020-03-07,D,,194.00,,,,,,,,,25.00,,,,
28,2020-03-07,E,,284.00,,,,,,,,,59.00,,,,
32,2020-03-07,0,28.00,3107.00,3.00,9.00,19.00,1621.00,1485.00,2.00,1.00,,1371.00,,,639.00,732.00
32,2020-03-07,A,,806.00,,,,,,,,,496.00,,,,
32,2020-03-07,B,18.00,1146.00,2.00,,,,,,,,584.00,,,,
32,2020-03-07,C,8.00,547.00,,,,,,,,,177.00,,,,
32,2020-03-07,D,1.00,229.00,,,,,,,,,46.00,,,,
32,2020-03-07,E,1.00,379.00,1.00,,,,,,,,58.00,,,,
44,2020-03-07,0,32.00,3321.00,23.00,13.00,19.00,1756.00,1561.00,8.00,15.00,17.00,1060.00,6.00,11.00,486.00,572.00
44,2020-03-07,A,1.00,718.00,1.00,,,,,,,3.00,349.00,,,,
44,2020-03-07,B,6.00,1191.00,2.00,,,,,,,9.00,419.00,,,,
44,2020-03-07,C,11.00,624.00,9.00,,,,,,,2.00,131.00,,,,
44,2020-03-07,D,6.00,273.00,5.00,,,,,,,1.00,52.00,,,,
44,2020-03-07,E,8.00,515.00,6.00,,,,,,,2.00,108.00,,,,
52,2020-03-07,0,16.00,1629.00,4.00,7.00,9.00,896.00,731.00,2.00,2.00,2.00,673.00,1.00,1.00,300.00,373.00
52,2020-03-07,A,1.00,340.00,,,,,,,,,210.00,,,,
52,2020-03-07,B,3.00,567.00,,,,,,,,,251.00,,,,
52,2020-03-07,C,8.00,317.00,2.00,,,,,,,,98.00,,,,
52,2020-03-07,D,2.00,155.00,,,,,,,,1.00,36.00,,,,
52,2020-03-07,E,2.00,249.00,2.00,,,,,,,1.00,77.00,,,,
53,2020-03-07,0,60.00,1901.00,,27.00,33.00,1016.00,885.00,,,1.00,603.00,,1.00,252.00,351.00
53,2020-03-07,A,13.00,417.00,,,,,,,,,187.00,,,,
53,2020-03-07,B,23.00,632.00,,,,,,,,,235.00,,,,
53,2020-03-07,C,18.00,370.00,,,,,,,,1.00,82.00,,,,
53,2020-03-07,D,5.00,175.00,,,,,,,,,37.00,,,,
53,2020-03-07,E,1.00,307.00,,,,,,,,,62.00,,,,
75,2020-03-07,0,31.00,3535.00,6.00,17.00,14.00,1762.00,1773.00,4.00,2.00,15.00,1879.00,10.00,5.00,806.00,1073.00
75,2020-03-07,A,5.00,627.00,,,,,,,,2.00,523.00,,,,
75,2020-03-07,B,9.00,1168.00,1.00,,,,,,,7.00,749.00,,,,
75,2020-03-07,C,12.00,711.00,3.00,,,,,,,3.00,312.00,,,,
75,2020-03-07,D,2.00,361.00,,,,,,,,2.00,102.00,,,,
75,2020-03-07,E,3.00,668.00,2.00,,,,,,,1.00,193.00,,,,
76,2020-03-07,0,5.00,4022.00,4.00,2.00,3.00,2093.00,1929.00,2.00,2.00,,728.00,,,304.00,418.00
76,2020-03-07,A,3.00,861.00,3.00,,,,,,,,259.00,,,,
76,2020-03-07,B,,1487.00,,,,,,,,,254.00,,,,
76,2020-03-07,C,1.00,775.00,,,,,,,,,105.00,,,,
76,2020-03-07,D,1.00,351.00,1.00,,,,,,,,34.00,,,,
76,2020-03-07,E,,548.00,,,,,,,,,76.00,,,,
84,2020-03-07,0,5.00,4864.00,4.00,3.00,2.00,2521.00,2343.00,3.00,1.00,5.00,1272.00,1.00,4.00,562.00,702.00
84,2020-03-07,A,,1079.00,,,,,,,,,365.00,,,,
84,2020-03-07,B,,1872.00,,,,,,,,,491.00,,,,
84,2020-03-07,C,1.00,894.00,1.00,,,,,,,4.00,188.00,,,,
84,2020-03-07,D,1.00,403.00,1.00,,,,,,,,69.00,,,,
84,2020-03-07,E,3.00,616.00,2.00,,,,,,,1.00,159.00,,,,
93,2020-03-07,0,37.00,3979.00,19.00,19.00,18.00,2047.00,1931.00,8.00,11.00,3.00,1115.00,1.00,2.00,474.00,637.00
93,2020-03-07,A,5.00,907.00,2.00,,,,,,,1.00,394.00,,,,
93,2020-03-07,B,13.00,1419.00,4.00,,,,,,,2.00,350.00,,,,
93,2020-03-07,C,7.00,731.00,2.00,,,,,,,,166.00,,,,
93,2020-03-07,D,3.00,326.00,2.00,,,,,,,,66.00,,,,
93,2020-03-07,E,9.00,596.00,9.00,,,,,,,,137.00,,,,
94,2020-03-07,0,21.00,226.00,21.00,12.00,9.00,123.00,103.00,12.00,9.00,2.00,56.00,2.00,,18.00,35.00
94,2020-03-07,A,5.00,39.00,5.00,,,,,,,,12.00,,,,
94,2020-03-07,B,12.00,91.00,12.00,,,,,,,,18.00,,,,
94,2020-03-07,C,2.00,42.00,2.00,,,,,,,,16.00,,,,
94,2020-03-07,D,,25.00,,,,,,,,2.00,4.00,,,,
94,2020-03-07,E,2.00,29.00,2.00,,,,,,,,3.00,,,,
01,2020-03-08,0,,247.00,,,,119.00,128.00,,,,,,,,
01,2020-03-08,A,,66.00,,,,,,,,,,,,,
01,2020-03-08,B,,83.00,,,,,,,,,,,,,
01,2020-03-08,C,,49.00,,,,,,,,,,,,,
01,2020-03-08,D,,23.00,,,,,,,,,,,,,
01,2020-03-08,E,,26.00,,,,,,,,,,,,,
02,2020-03-08,0,,,,,,,,,,,108.00,,,43.00,65.00
02,2020-03-08,A,,,,,,,,,,,31.00,,,,
02,2020-03-08,B,,,,,,,,,,,29.00,,,,
02,2020-03-08,C,,,,,,,,,,,31.00,,,,
02,2020-03-08,D,,,,,,,,,,,5.00,,,,
02,2020-03-08,E,,,,,,,,,,,12.00,,,,
03,2020-03-08,0,,260.00,,,,138.00,122.00,,,,,,,,
03,2020-03-08,A,,101.00,,,,,,,,,,,,,
03,2020-03-08,B,,115.00,,,,,,,,,,,,,
03,2020-03-08,C,,28.00,,,,,,,,,,,,,
03,2020-03-08,D,,8.00,,,,,,,,,,,,,
03,2020-03-08,E,,8.00,,,,,,,,,,,,,
04,2020-03-08,0,,536.00,,,,308.00,228.00,,,,,,,,
04,2020-03-08,A,,149.00,,,,,,,,,,,,,
04,2020-03-08,B,,200.00,,,,,,,,,,,,,
04,2020-03-08,C,,108.00,,,,,,,,,,,,,
04,2020-03-08,D,,41.00,,,,,,,,,,,,,
04,2020-03-08,E,,38.00,,,,,,,,,,,,,
06,2020-03-08,0,,115.00,,,,66.00,49.00,,,,,,,,
06,2020-03-08,A,,44.00,,,,,,,,,,,,,
06,2020-03-08,B,,44.00,,,,,,,,,,,,,
06,2020-03-08,C,,19.00,,,,,,,,,,,,,
06,2020-03-08,D,,2.00,,,,,,,,,,,,,
06,2020-03-08,E,,6.00,,,,,,,,,,,,,
07,2020-03-08,0,,15.00,,,,9.00,6.00,,,,,,,,
07,2020-03-08,A,,3.00,,,,,,,,,,,,,
07,2020-03-08,B,,9.00,,,,,,,,,,,,,
07,2020-03-08,C,,3.00,,,,,,,,,,,,,
07,2020-03-08,D,,,,,,,,,,,,,,,
07,2020-03-08,E,,,,,,,,,,,,,,,
08,2020-03-08,0,,23.00,,,,8.00,15.00,,,,,,,,
08,2020-03-08,A,,7.00,,,,,,,,,,,,,
08,2020-03-08,B,,12.00,,,,,,,,,,,,,
08,2020-03-08,C,,2.00,,,,,,,,,,,,,
08,2020-03-08,D,,1.00,,,,,,,,,,,,,
08,2020-03-08,E,,1.00,,,,,,,,,,,,,
11,2020-03-08,0,59.00,6802.00,19.00,24.00,35.00,3601.00,3199.00,7.00,12.00,21.00,2627.00,9.00,12.00,1168.00,1452.00
11,2020-03-08,A,2.00,1696.00,,,,,,,,6.00,1109.00,,,,
11,2020-03-08,B,32.00,3019.00,4.00,,,,,,,11.00,949.00,,,,
11,2020-03-08,C,13.00,1150.00,5.00,,,,,,,3.00,340.00,,,,
11,2020-03-08,D,5.00,402.00,4.00,,,,,,,1.00,82.00,,,,
11,2020-03-08,E,7.00,535.00,6.00,,,,,,,,122.00,,,,
24,2020-03-08,0,1.00,1343.00,1.00,1.00,,689.00,654.00,1.00,,,441.00,,,202.00,239.00
24,2020-03-08,A,,282.00,,,,,,,,,156.00,,,,
24,2020-03-08,B,1.00,514.00,1.00,,,,,,,,206.00,,,,
24,2020-03-08,C,,254.00,,,,,,,,,48.00,,,,
24,2020-03-08,D,,97.00,,,,,,,,,11.00,,,,
24,2020-03-08,E,,196.00,,,,,,,,,20.00,,,,
27,2020-03-08,0,46.00,1964.00,20.00,26.00,20.00,1067.00,897.00,12.00,8.00,6.00,466.00,3.00,3.00,206.00,255.00
27,2020-03-08,A,4.00,365.00,,,,,,,,,141.00,,,,
27,2020-03-08,B,19.00,780.00,6.00,,,,,,,2.00,168.00,,,,
27,2020-03-08,C,9.00,377.00,2.00,,,,,,,3.00,85.00,,,,
27,2020-03-08,D,4.00,151.00,2.00,,,,,,,1.00,25.00,,,,
27,2020-03-08,E,10.00,291.00,10.00,,,,,,,,37.00,,,,
28,2020-03-08,0,2.00,2012.00,1.00,,2.00,1022.00,989.00,,1.00,1.00,688.00,,1.00,316.00,372.00
28,2020-03-08,A,,465.00,,,,,,,,,276.00,,,,
28,2020-03-08,B,2.00,809.00,1.00,,,,,,,,257.00,,,,
28,2020-03-08,C,,345.00,,,,,,,,,97.00,,,,
28,2020-03-08,D,,149.00,,,,,,,,1.00,23.00,,,,
28,2020-03-08,E,,244.00,,,,,,,,,35.00,,,,
32,2020-03-08,0,19.00,3160.00,3.00,11.00,8.00,1621.00,1539.00,1.00,2.00,3.00,1176.00,2.00,1.00,530.00,646.00
32,2020-03-08,A,,801.00,,,,,,,,1.00,549.00,,,,
32,2020-03-08,B,9.00,1328.00,2.00,,,,,,,1.00,444.00,,,,
32,2020-03-08,C,8.00,511.00,1.00,,,,,,,1.00,106.00,,,,
32,2020-03-08,D,1.00,195.00,,,,,,,,,26.00,,,,
32,2020-03-08,E,1.00,325.00,,,,,,,,,48.00,,,,
44,2020-03-08,0,30.00,3265.00,13.00,9.00,21.00,1679.00,1584.00,3.00,10.00,64.00,1168.00,23.00,41.00,513.00,655.00
44,2020-03-08,A,2.00,771.00,,,,,,,,21.00,412.00,,,,
44,2020-03-08,B,8.00,1190.00,1.00,,,,,,,26.00,441.00,,,,
44,2020-03-08,C,8.00,577.00,3.00,,,,,,,12.00,156.00,,,,
44,2020-03-08,D,7.00,254.00,5.00,,,,,,,2.00,55.00,,,,
44,2020-03-08,E,5.00,473.00,4.00,,,,,,,3.00,97.00,,,,
52,2020-03-08,0,24.00,1545.00,13.00,10.00,14.00,828.00,716.00,6.00,7.00,1.00,686.00,1.00,,303.00,380.00
52,2020-03-08,A,1.00,349.00,1.00,,,,,,,,251.00,,,,
52,2020-03-08,B,9.00,661.00,2.00,,,,,,,,233.00,,,,
52,2020-03-08,C,7.00,247.00,3.00,,,,,,,1.00,97.00,,,,
52,2020-03-08,D,2.00,98.00,2.00,,,,,,,,33.00,,,,
52,2020-03-08,E,5.00,190.00,5.00,,,,,,,,72.00,,,,
53,2020-03-08,0,15.00,1767.00,,8.00,7.00,935.00,832.00,,,3.00,640.00,1.00,2.00,268.00,372.00
53,2020-03-08,A,9.00,423.00,,,,,,,,,236.00,,,,
53,2020-03-08,B,3.00,682.00,,,,,,,,2.00,209.00,,,,
53,2020-03-08,C,2.00,285.00,,,,,,,,1.00,83.00,,,,
53,2020-03-08,D,1.00,149.00,,,,,,,,,31.00,,,,
53,2020-03-08,E,,227.00,,,,,,,,,81.00,,,,
75,2020-03-08,0,27.00,3473.00,8.00,12.00,15.00,1825.00,1647.00,4.00,4.00,17.00,1752.00,10.00,7.00,762.00,990.00
75,2020-03-08,A,3.00,684.00,,,,,,,,,562.00,,,,
75,2020-03-08,B,9.00,1303.00,,,,,,,,10.00,680.00,,,,
75,2020-03-08,C,10.00,652.00,5.00,,,,,,,6.00,277.00,,,,
75,2020-03-08,D,3.00,281.00,1.00,,,,,,,,76.00,,,,
75,2020-03-08,E,2.00,552.00,2.00,,,,,,,1.00,156.00,,,,
76,2020-03-08,0,8.00,4086.00,8.00,4.00,4.00,2146.00,1940.00,4.00,4.00,,780.00,,,317.00,450.00
76,2020-03-08,A,2.00,1009.00,2.00,,,,,,,,318.00,,,,
76,2020-03-08,B,,1533.00,,,,,,,,,285.00,,,,
76,2020-03-08,C,1.00,743.00,1.00,,,,,,,,103.00,,,,
76,2020-03-08,D,1.00,288.00,1.00,,,,,,,,17.00,,,,
76,2020-03-08,E,4.00,513.00,4.00,,,,,,,,57.00,,,,
84,2020-03-08,0,7.00,4843.00,3.00,5.00,2.00,2553.00,2289.00,3.00,,2.00,1271.00,1.00,1.00,565.00,689.00
84,2020-03-08,A,,1095.00,,,,,,,,,386.00,,,,
84,2020-03-08,B,2.00,1997.00,,,,,,,,1.00,496.00,,,,
84,2020-03-08,C,,882.00,,,,,,,,,186.00,,,,
84,2020-03-08,D,4.00,326.00,2.00,,,,,,,,61.00,,,,
84,2020-03-08,E,1.00,543.00,1.00,,,,,,,1.00,138.00,,,,
93,2020-03-08,0,42.00,3886.00,25.00,26.00,16.00,2086.00,1800.00,15.00,10.00,7.00,1084.00,6.00,1.00,448.00,635.00
93,2020-03-08,A,2.00,1006.00,2.00,,,,,,,2.00,445.00,,,,
93,2020-03-08,B,13.00,1425.00,4.00,,,,,,,2.00,321.00,,,,
93,2020-03-08,C,12.00,694.00,6.00,,,,,,,1.00,149.00,,,,
93,2020-03-08,D,5.00,275.00,4.00,,,,,,,1.00,54.00,,,,
93,2020-03-08,E,10.00,486.00,9.00,,,,,,,1.00,111.00,,,,
94,2020-03-08,0,15.00,211.00,15.00,7.00,8.00,115.00,95.00,7.00,8.00,,25.00,,,13.00,12.00
94,2020-03-08,A,,35.00,,,,,,,,,7.00,,,,
94,2020-03-08,B,10.00,85.00,10.00,,,,,,,,6.00,,,,
94,2020-03-08,C,3.00,39.00,3.00,,,,,,,,6.00,,,,
94,2020-03-08,D,1.00,26.00,1.00,,,,,,,,5.00,,,,
94,2020-03-08,E,1.00,26.00,1.00,,,,,,,,1.00,,,,
01,2020-03-09,0,,283.00,,,,141.00,142.00,,,,,,,,
01,2020-03-09,A,,85.00,,,,,,,,,,,,,
01,2020-03-09,B,,89.00,,,,,,,,,,,,,
01,2020-03-09,C,,62.00,,,,,,,,,,,,,
01,2020-03-09,D,,17.00,,,,,,,,,,,,,
01,2020-03-09,E,,30.00,,,,,,,,,,,,,
02,2020-03-09,0,,,,,,,,,,,169.00,,,63.00,106.00
02,2020-03-09,A,,,,,,,,,,,47.00,,,,
02,2020-03-09,B,,,,,,,,,,,50.00,,,,
02,2020-03-09,C,,,,,,,,,,,39.00,,,,
02,2020-03-09,D,,,,,,,,,,,10.00,,,,
02,2020-03-09,E,,,,,,,,,,,23.00,,,,
03,2020-03-09,0,,306.00,,,,159.00,147.00,,,,,,,,
03,2020-03-09,A,,91.00,,,,,,,,,,,,,
03,2020-03-09,B,,137.00,,,,,,,,,,,,,
03,2020-03-09,C,,55.00,,,,,,,,,,,,,
03,2020-03-09,D,,13.00,,,,,,,,,,,,,
03,2020-03-09,E,,10.00,,,,,,,,,,,,,
04,2020-03-09,0,2.00,549.00,1.00,1.00,1.00,288.00,261.00,1.00,,,,,,,
04,2020-03-09,A,,139.00,,,,,,,,,,,,,
04,2020-03-09,B,2.00,174.00,1.00,,,,,,,,,,,,
04,2020-03-09,C,,134.00,,,,,,,,,,,,,
04,2020-03-09,D,,38.00,,,,,,,,,,,,,
04,2020-03-09,E,,64.00,,,,,,,,,,,,,
06,2020-03-09,0,,122.00,,,,70.00,52.00,,,,,,,,
06,2020-03-09,A,,41.00,,,,,,,,,,,,,
06,2020-03-09,B,,58.00,,,,,,,,,,,,,
06,2020-03-09,C,,13.00,,,,,,,,,,,,,
06,2020-03-09,D,,4.00,,,,,,,,,,,,,
06,2020-03-09,E,,6.00,,,,,,,,,,,,,
07,2020-03-09,0,,28.00,,,,19.00,9.00,,,,,,,,
07,2020-03-09,A,,3.00,,,,,,,,,,,,,
07,2020-03-09,B,,10.00,,,,,,,,,,,,,
07,2020-03-09,C,,9.00,,,,,,,,,,,,,
07,2020-03-09,D,,1.00,,,,,,,,,,,,,
07,2020-03-09,E,,5.00,,,,,,,,,,,,,
08,2020-03-09,0,,43.00,,,,24.00,19.00,,,,,,,,
08,2020-03-09,A,,13.00,,,,,,,,,,,,,
08,2020-03-09,B,,14.00,,,,,,,,,,,,,
08,2020-03-09,C,,11.00,,,,,,,,,,,,,
08,2020-03-09,D,,2.00,,,,,,,,,,,,,
08,2020-03-09,E,,3.00,,,,,,,,,,,,,
11,2020-03-09,0,144.00,8228.00,48.00,66.00,78.00,4334.00,3890.00,24.00,24.00,15.00,2470.00,7.00,8.00,1123.00,1341.00
11,2020-03-09,A,4.00,2076.00,2.00,,,,,,,2.00,810.00,,,,
11,2020-03-09,B,77.00,3469.00,13.00,,,,,,,10.00,1038.00,,,,
11,2020-03-09,C,34.00,1468.00,14.00,,,,,,,2.00,383.00,,,,
11,2020-03-09,D,7.00,495.00,5.00,,,,,,,1.00,84.00,,,,
11,2020-03-09,E,22.00,719.00,14.00,,,,,,,,127.00,,,,
24,2020-03-09,0,4.00,1787.00,1.00,1.00,3.00,893.00,892.00,,1.00,1.00,517.00,,1.00,242.00,275.00
24,2020-03-09,A,1.00,425.00,,,,,,,,,116.00,,,,
24,2020-03-09,B,2.00,657.00,,,,,,,,1.00,278.00,,,,
24,2020-03-09,C,,304.00,,,,,,,,,80.00,,,,
24,2020-03-09,D,,166.00,,,,,,,,,18.00,,,,
24,2020-03-09,E,1.00,235.00,1.00,,,,,,,,25.00,,,,
27,2020-03-09,0,52.00,2095.00,13.00,20.00,32.00,1078.00,1017.00,6.00,7.00,3.00,348.00,2.00,1.00,148.00,199.00
27,2020-03-09,A,7.00,361.00,,,,,,,,1.00,71.00,,,,
27,2020-03-09,B,24.00,779.00,5.00,,,,,,,1.00,176.00,,,,
27,2020-03-09,C,12.00,399.00,3.00,,,,,,,1.00,63.00,,,,
27,2020-03-09,D,3.00,184.00,1.00,,,,,,,,18.00,,,,
27,2020-03-09,E,6.00,372.00,4.00,,,,,,,,20.00,,,,
28,2020-03-09,0,10.00,2543.00,1.00,2.00,8.00,1276.00,1264.00,1.00,,,676.00,,,279.00,397.00
28,2020-03-09,A,1.00,649.00,,,,,,,,,216.00,,,,
28,2020-03-09,B,,943.00,,,,,,,,,331.00,,,,
28,2020-03-09,C,2.00,445.00,,,,,,,,,82.00,,,,
28,2020-03-09,D,6.00,186.00,1.00,,,,,,,,16.00,,,,
28,2020-03-09,E,1.00,320.00,,,,,,,,,31.00,,,,
32,2020-03-09,0,42.00,3825.00,6.00,22.00,20.00,1963.00,1862.00,3.00,3.00,3.00,1732.00,1.00,2.00,750.00,982.00
32,2020-03-09,A,3.00,1023.00,,,,,,,,,568.00,,,,
32,2020-03-09,B,19.00,1430.00,2.00,,,,,,,1.00,855.00,,,,
32,2020-03-09,C,9.00,662.00,2.00,,,,,,,2.00,203.00,,,,
32,2020-03-09,D,8.00,277.00,1.00,,,,,,,,45.00,,,,
32,2020-03-09,E,3.00,432.00,1.00,,,,,,,,52.00,,,,
44,2020-03-09,0,41.00,3493.00,20.00,20.00,21.00,1814.00,1677.00,10.00,10.00,15.00,775.00,7.00,8.00,335.00,440.00
44,2020-03-09,A,3.00,781.00,1.00,,,,,,,3.00,216.00,,,,
44,2020-03-09,B,11.00,1211.00,,,,,,,,5.00,357.00,,,,
44,2020-03-09,C,10.00,664.00,3.00,,,,,,,4.00,117.00,,,,
44,2020-03-09,D,6.00,304.00,5.00,,,,,,,1.00,29.00,,,,
44,2020-03-09,E,11.00,533.00,11.00,,,,,,,2.00,56.00,,,,
52,2020-03-09,0,42.00,1861.00,8.00,19.00,23.00,980.00,880.00,4.00,4.00,,652.00,,,316.00,336.00
52,2020-03-09,A,8.00,450.00,,,,,,,,,173.00,,,,
52,2020-03-09,B,22.00,657.00,3.00,,,,,,,,313.00,,,,
52,2020-03-09,C,7.00,320.00,1.00,,,,,,,,81.00,,,,
52,2020-03-09,D,2.00,149.00,1.00,,,,,,,,26.00,,,,
52,2020-03-09,E,3.00,285.00,3.00,,,,,,,,57.00,,,,
53,2020-03-09,0,28.00,2107.00,,11.00,17.00,1102.00,1005.00,,,,500.00,,,222.00,278.00
53,2020-03-09,A,24.00,479.00,,,,,,,,,125.00,,,,
53,2020-03-09,B,2.00,737.00,,,,,,,,,245.00,,,,
53,2020-03-09,C,1.00,380.00,,,,,,,,,71.00,,,,
53,2020-03-09,D,,175.00,,,,,,,,,18.00,,,,
53,2020-03-09,E,1.00,336.00,,,,,,,,,41.00,,,,
75,2020-03-09,0,29.00,3841.00,2.00,11.00,18.00,2035.00,1806.00,1.00,1.00,15.00,1598.00,11.00,4.00,705.00,893.00
75,2020-03-09,A,6.00,619.00,,,,,,,,1.00,412.00,,,,
75,2020-03-09,B,9.00,1370.00,1.00,,,,,,,11.00,769.00,,,,
75,2020-03-09,C,12.00,777.00,,,,,,,,3.00,254.00,,,,
75,2020-03-09,D,1.00,397.00,,,,,,,,,72.00,,,,
75,2020-03-09,E,1.00,678.00,1.00,,,,,,,,90.00,,,,
76,2020-03-09,0,12.00,4201.00,7.00,3.00,9.00,2168.00,2033.00,1.00,6.00,,500.00,,,218.00,282.00
76,2020-03-09,A,2.00,966.00,1.00,,,,,,,,168.00,,,,
76,2020-03-09,B,5.00,1538.00,2.00,,,,,,,,217.00,,,,
76,2020-03-09,C,2.00,779.00,1.00,,,,,,,,64.00,,,,
76,2020-03-09,D,1.00,351.00,1.00,,,,,,,,19.00,,,,
76,2020-03-09,E,2.00,567.00,2.00,,,,,,,,32.00,,,,
84,2020-03-09,0,25.00,5412.00,14.00,4.00,21.00,2861.00,2551.00,3.00,11.00,3.00,1164.00,1.00,2.00,520.00,638.00
84,2020-03-09,A,2.00,1135.00,1.00,,,,,,,,263.00,,,,
84,2020-03-09,B,12.00,2164.00,7.00,,,,,,,1.00,586.00,,,,
84,2020-03-09,C,8.00,1036.00,4.00,,,,,,,,169.00,,,,
84,2020-03-09,D,1.00,440.00,1.00,,,,,,,1.00,44.00,,,,
84,2020-03-09,E,2.00,637.00,1.00,,,,,,,,96.00,,,,
93,2020-03-09,0,72.00,4212.00,35.00,32.00,40.00,2208.00,2004.00,20.00,15.00,11.00,1069.00,5.00,6.00,468.00,601.00
93,2020-03-09,A,4.00,977.00,3.00,,,,,,,4.00,374.00,,,,
93,2020-03-09,B,28.00,1529.00,7.00,,,,,,,6.00,395.00,,,,
93,2020-03-09,C,20.00,788.00,7.00,,,,,,,1.00,156.00,,,,
93,2020-03-09,D,7.00,308.00,6.00,,,,,,,,42.00,,,,
93,2020-03-09,E,13.00,610.00,12.00,,,,,,,,97.00,,,,
94,2020-03-09,0,13.00,216.00,13.00,4.00,9.00,112.00,104.00,4.00,9.00,1.00,106.00,1.00,,31.00,61.00
94,2020-03-09,A,3.00,37.00,3.00,,,,,,,,27.00,,,,
94,2020-03-09,B,6.00,75.00,6.00,,,,,,,,47.00,,,,
94,2020-03-09,C,2.00,55.00,2.00,,,,,,,,23.00,,,,
94,2020-03-09,D,2.00,24.00,2.00,,,,,,,,7.00,,,,
94,2020-03-09,E,,25.00,,,,,,,,1.00,2.00,,,,
01,2020-03-10,0,,261.00,,,,122.00,139.00,,,,,,,,
01,2020-03-10,A,,59.00,,,,,,,,,,,,,
01,2020-03-10,B,,111.00,,,,,,,,,,,,,
01,2020-03-10,C,,44.00,,,,,,,,,,,,,
01,2020-03-10,D,,19.00,,,,,,,,,,,,,
01,2020-03-10,E,,28.00,,,,,,,,,,,,,
02,2020-03-10,0,,,,,,,,,,,158.00,,,67.00,91.00
02,2020-03-10,A,,,,,,,,,,,30.00,,,,
02,2020-03-10,B,,,,,,,,,,,49.00,,,,
02,2020-03-10,C,,,,,,,,,,,38.00,,,,
02,2020-03-10,D,,,,,,,,,,,15.00,,,,
02,2020-03-10,E,,,,,,,,,,,26.00,,,,
03,2020-03-10,0,,285.00,,,,132.00,153.00,,,,,,,,
03,2020-03-10,A,,89.00,,,,,,,,,,,,,
03,2020-03-10,B,,130.00,,,,,,,,,,,,,
03,2020-03-10,C,,45.00,,,,,,,,,,,,,
03,2020-03-10,D,,10.00,,,,,,,,,,,,,
03,2020-03-10,E,,11.00,,,,,,,,,,,,,
04,2020-03-10,0,7.00,486.00,7.00,5.00,2.00,282.00,204.00,5.00,2.00,,,,,,
04,2020-03-10,A,,135.00,,,,,,,,,,,,,
04,2020-03-10,B,5.00,163.00,5.00,,,,,,,,,,,,
04,2020-03-10,C,2.00,110.00,2.00,,,,,,,,,,,,
04,2020-03-10,D,,29.00,,,,,,,,,,,,,
04,2020-03-10,E,,49.00,,,,,,,,,,,,,
06,2020-03-10,0,,140.00,,,,81.00,59.00,,,,,,,,
06,2020-03-10,A,,58.00,,,,,,,,,,,,,
06,2020-03-10,B,,52.00,,,,,,,,,,,,,
06,2020-03-10,C,,23.00,,,,,,,,,,,,,
06,2020-03-10,D,,3.00,,,,,,,,,,,,,
06,2020-03-10,E,,4.00,,,,,,,,,,,,,
07,2020-03-10,0,,22.00,,,,18.00,4.00,,,,,,,,
07,2020-03-10,A,,,,,,,,,,,,,,,
07,2020-03-10,B,,12.00,,,,,,,,,,,,,
07,2020-03-10,C,,7.00,,,,,,,,,,,,,
07,2020-03-10,D,,2.00,,,,,,,,,,,,,
07,2020-03-10,E,,1.00,,,,,,,,,,,,,
08,2020-03-10,0,,24.00,,,,12.00,12.00,,,,,,,,
08,2020-03-10,A,,2.00,,,,,,,,,,,,,
08,2020-03-10,B,,10.00,,,,,,,,,,,,,
08,2020-03-10,C,,5.00,,,,,,,,,,,,,
08,2020-03-10,D,,3.00,,,,,,,,,,,,,
08,2020-03-10,E,,4.00,,,,,,,,,,,,,
11,2020-03-10,0,161.00,7509.00,52.00,72.00,89.00,3964.00,3545.00,32.00,20.00,26.00,2088.00,10.00,16.00,873.00,1206.00
11,2020-03-10,A,2.00,1844.00,,,,,,,,4.00,652.00,,,,
11,2020-03-10,B,76.00,3211.00,12.00,,,,,,,20.00,947.00,,,,
11,2020-03-10,C,48.00,1366.00,14.00,,,,,,,2.00,319.00,,,,
11,2020-03-10,D,14.00,421.00,10.00,,,,,,,,64.00,,,,
11,2020-03-10,E,21.00,667.00,16.00,,,,,,,,89.00,,,,
24,2020-03-10,0,2.00,1557.00,1.00,2.00,,793.00,764.00,1.00,,1.00,467.00,,1.00,199.00,268.00
24,2020-03-10,A,,349.00,,,,,,,,,102.00,,,,
24,2020-03-10,B,1.00,584.00,,,,,,,,,275.00,,,,
24,2020-03-10,C,,272.00,,,,,,,,,62.00,,,,
24,2020-03-10,D,1.00,119.00,1.00,,,,,,,,7.00,,,,
24,2020-03-10,E,,233.00,,,,,,,,1.00,19.00,,,,
27,2020-03-10,0,47.00,1789.00,28.00,25.00,22.00,926.00,863.00,13.00,15.00,5.00,334.00,1.00,4.00,139.00,195.00
27,2020-03-10,A,1.00,269.00,,,,,,,,1.00,89.00,,,,
27,2020-03-10,B,12.00,690.00,3.00,,,,,,,2.00,167.00,,,,
27,2020-03-10,C,10.00,339.00,5.00,,,,,,,,47.00,,,,
27,2020-03-10,D,2.00,176.00,1.00,,,,,,,1.00,14.00,,,,
27,2020-03-10,E,22.00,315.00,19.00,,,,,,,1.00,16.00,,,,
28,2020-03-10,0,18.00,2349.00,1.00,6.00,12.00,1204.00,1145.00,1.00,,7.00,652.00,2.00,5.00,285.00,367.00
28,2020-03-10,A,1.00,574.00,,,,,,,,1.00,172.00,,,,
28,2020-03-10,B,7.00,865.00,,,,,,,,5.00,345.00,,,,
28,2020-03-10,C,3.00,418.00,1.00,,,,,,,1.00,90.00,,,,
28,2020-03-10,D,6.00,185.00,,,,,,,,,16.00,,,,
28,2020-03-10,E,1.00,307.00,,,,,,,,,29.00,,,,
32,2020-03-10,0,41.00,3457.00,10.00,18.00,23.00,1700.00,1757.00,4.00,6.00,4.00,1412.00,2.00,2.00,654.00,758.00
32,2020-03-10,A,6.00,920.00,,,,,,,,,470.00,,,,
32,2020-03-10,B,16.00,1334.00,,,,,,,,4.00,716.00,,,,
32,2020-03-10,C,8.00,560.00,3.00,,,,,,,,145.00,,,,
32,2020-03-10,D,5.00,231.00,2.00,,,,,,,,24.00,,,,
32,2020-03-10,E,6.00,410.00,5.00,,,,,,,,51.00,,,,
44,2020-03-10,0,64.00,3219.00,30.00,26.00,38.00,1688.00,1531.00,13.00,17.00,24.00,740.00,9.00,15.00,329.00,410.00
44,2020-03-10,A,3.00,701.00,,,,,,,,3.00,197.00,,,,
44,2020-03-10,B,21.00,1137.00,7.00,,,,,,,12.00,328.00,,,,
44,2020-03-10,C,17.00,616.00,6.00,,,,,,,6.00,106.00,,,,
44,2020-03-10,D,10.00,267.00,7.00,,,,,,,2.00,43.00,,,,
44,2020-03-10,E,13.00,498.00,10.00,,,,,,,1.00,60.00,,,,
52,2020-03-10,0,36.00,1744.00,7.00,18.00,18.00,972.00,772.00,4.00,3.00,2.00,587.00,1.00,1.00,248.00,337.00
52,2020-03-10,A,4.00,397.00,,,,,,,,,136.00,,,,
52,2020-03-10,B,13.00,656.00,,,,,,,,,287.00,,,,
52,2020-03-10,C,11.00,324.00,1.00,,,,,,,1.00,88.00,,,,
52,2020-03-10,D,4.00,121.00,3.00,,,,,,,,20.00,,,,
52,2020-03-10,E,4.00,245.00,3.00,,,,,,,1.00,54.00,,,,
53,2020-03-10,0,56.00,2040.00,1.00,19.00,37.00,1016.00,1024.00,1.00,,,410.00,,,206.00,204.00
53,2020-03-10,A,24.00,438.00,1.00,,,,,,,,87.00,,,,
53,2020-03-10,B,13.00,738.00,,,,,,,,,207.00,,,,
53,2020-03-10,C,10.00,382.00,,,,,,,,,62.00,,,,
53,2020-03-10,D,3.00,151.00,,,,,,,,,10.00,,,,
53,2020-03-10,E,6.00,331.00,,,,,,,,,43.00,,,,
75,2020-03-10,0,39.00,3719.00,5.00,17.00,22.00,1972.00,1747.00,1.00,4.00,15.00,1531.00,6.00,9.00,638.00,893.00
75,2020-03-10,A,7.00,686.00,,,,,,,,2.00,378.00,,,,
75,2020-03-10,B,16.00,1310.00,2.00,,,,,,,11.00,740.00,,,,
75,2020-03-10,C,10.00,696.00,,,,,,,,2.00,250.00,,,,
75,2020-03-10,D,4.00,351.00,1.00,,,,,,,,68.00,,,,
75,2020-03-10,E,2.00,676.00,2.00,,,,,,,,95.00,,,,
76,2020-03-10,0,22.00,3818.00,13.00,11.00,11.00,1974.00,1844.00,8.00,5.00,1.00,499.00,1.00,,206.00,293.00
76,2020-03-10,A,2.00,831.00,,,,,,,,,156.00,,,,
76,2020-03-10,B,6.00,1398.00,2.00,,,,,,,1.00,218.00,,,,
76,2020-03-10,C,7.00,699.00,4.00,,,,,,,,76.00,,,,
76,2020-03-10,D,4.00,335.00,4.00,,,,,,,,12.00,,,,
76,2020-03-10,E,3.00,555.00,3.00,,,,,,,,37.00,,,,
84,2020-03-10,0,23.00,4779.00,14.00,12.00,11.00,2464.00,2315.00,10.00,4.00,5.00,1113.00,2.00,3.00,481.00,631.00
84,2020-03-10,A,,994.00,,,,,,,,1.00,232.00,,,,
84,2020-03-10,B,10.00,1937.00,6.00,,,,,,,3.00,573.00,,,,
84,2020-03-10,C,9.00,919.00,6.00,,,,,,,1.00,158.00,,,,
84,2020-03-10,D,,350.00,,,,,,,,,42.00,,,,
84,2020-03-10,E,4.00,579.00,2.00,,,,,,,,106.00,,,,
93,2020-03-10,0,41.00,3569.00,22.00,19.00,22.00,1936.00,1632.00,13.00,9.00,8.00,974.00,4.00,4.00,435.00,539.00
93,2020-03-10,A,1.00,844.00,1.00,,,,,,,3.00,322.00,,,,
93,2020-03-10,B,16.00,1256.00,4.00,,,,,,,4.00,381.00,,,,
93,2020-03-10,C,11.00,633.00,4.00,,,,,,,1.00,136.00,,,,
93,2020-03-10,D,1.00,299.00,1.00,,,,,,,,45.00,,,,
93,2020-03-10,E,12.00,537.00,12.00,,,,,,,,88.00,,,,
94,2020-03-10,0,14.00,186.00,14.00,9.00,5.00,92.00,94.00,9.00,5.00,,82.00,,,16.00,49.00
94,2020-03-10,A,1.00,26.00,1.00,,,,,,,,17.00,,,,
94,2020-03-10,B,8.00,72.00,8.00,,,,,,,,40.00,,,,
94,2020-03-10,C,4.00,43.00,4.00,,,,,,,,20.00,,,,
94,2020-03-10,D,,16.00,,,,,,,,,2.00,,,,
94,2020-03-10,E,1.00,29.00,1.00,,,,,,,,1.00,,,,
01,2020-03-11,0,,284.00,,,,124.00,159.00,,,,,,,,
01,2020-03-11,A,,68.00,,,,,,,,,,,,,
01,2020-03-11,B,,104.00,,,,,,,,,,,,,
01,2020-03-11,C,,66.00,,,,,,,,,,,,,
01,2020-03-11,D,,19.00,,,,,,,,,,,,,
01,2020-03-11,E,,27.00,,,,,,,,,,,,,
02,2020-03-11,0,,,,,,,,,,,143.00,,,57.00,86.00
02,2020-03-11,A,,,,,,,,,,,41.00,,,,
02,2020-03-11,B,,,,,,,,,,,44.00,,,,
02,2020-03-11,C,,,,,,,,,,,28.00,,,,
02,2020-03-11,D,,,,,,,,,,,6.00,,,,
02,2020-03-11,E,,,,,,,,,,,24.00,,,,
03,2020-03-11,0,,297.00,,,,150.00,147.00,,,,,,,,
03,2020-03-11,A,,94.00,,,,,,,,,,,,,
03,2020-03-11,B,,137.00,,,,,,,,,,,,,
03,2020-03-11,C,,42.00,,,,,,,,,,,,,
03,2020-03-11,D,,15.00,,,,,,,,,,,,,
03,2020-03-11,E,,9.00,,,,,,,,,,,,,
04,2020-03-11,0,12.00,481.00,11.00,8.00,4.00,277.00,204.00,7.00,4.00,,,,,,
04,2020-03-11,A,1.00,120.00,1.00,,,,,,,,,,,,
04,2020-03-11,B,3.00,166.00,3.00,,,,,,,,,,,,
04,2020-03-11,C,5.00,101.00,4.00,,,,,,,,,,,,
04,2020-03-11,D,1.00,38.00,1.00,,,,,,,,,,,,
04,2020-03-11,E,2.00,56.00,2.00,,,,,,,,,,,,
06,2020-03-11,0,,110.00,,,,58.00,52.00,,,,,,,,
06,2020-03-11,A,,47.00,,,,,,,,,,,,,
06,2020-03-11,B,,41.00,,,,,,,,,,,,,
06,2020-03-11,C,,11.00,,,,,,,,,,,,,
06,2020-03-11,D,,7.00,,,,,,,,,,,,,
06,2020-03-11,E,,4.00,,,,,,,,,,,,,
07,2020-03-11,0,,37.00,,,,22.00,15.00,,,,,,,,
07,2020-03-11,A,,6.00,,,,,,,,,,,,,
07,2020-03-11,B,,17.00,,,,,,,,,,,,,
07,2020-03-11,C,,7.00,,,,,,,,,,,,,
07,2020-03-11,D,,4.00,,,,,,,,,,,,,
07,2020-03-11,E,,3.00,,,,,,,,,,,,,
08,2020-03-11,0,,28.00,,,,14.00,14.00,,,,,,,,
08,2020-03-11,A,,7.00,,,,,,,,,,,,,
08,2020-03-11,B,,13.00,,,,,,,,,,,,,
08,2020-03-11,C,,6.00,,,,,,,,,,,,,
08,2020-03-11,D,,2.00,,,,,,,,,,,,,
08,2020-03-11,E,,,,,,,,,,,,,,,
11,2020-03-11,0,194.00,7441.00,55.00,83.00,111.00,3964.00,3473.00,29.00,26.00,57.00,2106.00,21.00,36.00,972.00,1130.00
11,2020-03-11,A,1.00,1848.00,1.00,,,,,,,8.00,623.00,,,,
11,2020-03-11,B,107.00,3172.00,11.00,,,,,,,31.00,947.00,,,,
11,2020-03-11,C,51.00,1355.00,22.00,,,,,,,14.00,342.00,,,,
11,2020-03-11,D,14.00,439.00,5.00,,,,,,,1.00,80.00,,,,
11,2020-03-11,E,21.00,627.00,16.00,,,,,,,3.00,99.00,,,,
24,2020-03-11,0,4.00,1491.00,,1.00,3.00,738.00,753.00,,,1.00,478.00,1.00,,207.00,271.00
24,2020-03-11,A,,353.00,,,,,,,,,104.00,,,,
24,2020-03-11,B,2.00,519.00,,,,,,,,1.00,285.00,,,,
24,2020-03-11,C,2.00,267.00,,,,,,,,,56.00,,,,
24,2020-03-11,D,,126.00,,,,,,,,,18.00,,,,
24,2020-03-11,E,,226.00,,,,,,,,,15.00,,,,
27,2020-03-11,0,58.00,1749.00,16.00,26.00,32.00,922.00,827.00,8.00,8.00,5.00,341.00,4.00,1.00,148.00,190.00
27,2020-03-11,A,3.00,317.00,1.00,,,,,,,1.00,90.00,,,,
27,2020-03-11,B,31.00,603.00,2.00,,,,,,,1.00,163.00,,,,
27,2020-03-11,C,13.00,348.00,2.00,,,,,,,2.00,52.00,,,,
27,2020-03-11,D,4.00,169.00,4.00,,,,,,,,11.00,,,,
27,2020-03-11,E,7.00,312.00,7.00,,,,,,,1.00,22.00,,,,
28,2020-03-11,0,18.00,2221.00,2.00,11.00,7.00,1144.00,1077.00,1.00,1.00,7.00,633.00,3.00,4.00,278.00,354.00
28,2020-03-11,A,2.00,522.00,1.00,,,,,,,1.00,179.00,,,,
28,2020-03-11,B,6.00,847.00,,,,,,,,5.00,307.00,,,,
28,2020-03-11,C,5.00,378.00,1.00,,,,,,,1.00,94.00,,,,
28,2020-03-11,D,3.00,174.00,,,,,,,,,20.00,,,,
28,2020-03-11,E,2.00,300.00,,,,,,,,,33.00,,,,
32,2020-03-11,0,42.00,3296.00,13.00,19.00,23.00,1658.00,1638.00,8.00,5.00,11.00,1488.00,6.00,5.00,678.00,810.00
32,2020-03-11,A,4.00,863.00,,,,,,,,1.00,453.00,,,,
32,2020-03-11,B,16.00,1240.00,3.00,,,,,,,9.00,748.00,,,,
32,2020-03-11,C,11.00,539.00,3.00,,,,,,,,184.00,,,,
32,2020-03-11,D,6.00,232.00,4.00,,,,,,,1.00,44.00,,,,
32,2020-03-11,E,5.00,422.00,3.00,,,,,,,,53.00,,,,
44,2020-03-11,0,76.00,3137.00,36.00,35.00,41.00,1646.00,1490.00,20.00,16.00,30.00,732.00,15.00,15.00,319.00,411.00
44,2020-03-11,A,9.00,678.00,3.00,,,,,,,3.00,220.00,,,,
44,2020-03-11,B,15.00,1074.00,3.00,,,,,,,17.00,305.00,,,,
44,2020-03-11,C,22.00,593.00,11.00,,,,,,,6.00,117.00,,,,
44,2020-03-11,D,13.00,279.00,7.00,,,,,,,2.00,33.00,,,,
44,2020-03-11,E,17.00,513.00,12.00,,,,,,,2.00,55.00,,,,
52,2020-03-11,0,49.00,1748.00,9.00,27.00,22.00,900.00,848.00,6.00,3.00,2.00,599.00,,2.00,263.00,334.00
52,2020-03-11,A,4.00,385.00,,,,,,,,,144.00,,,,
52,2020-03-11,B,25.00,611.00,1.00,,,,,,,1.00,273.00,,,,
52,2020-03-11,C,10.00,322.00,2.00,,,,,,,1.00,82.00,,,,
52,2020-03-11,D,7.00,159.00,4.00,,,,,,,,35.00,,,,
52,2020-03-11,E,3.00,271.00,2.00,,,,,,,,63.00,,,,
53,2020-03-11,0,53.00,1926.00,,22.00,31.00,990.00,936.00,,,1.00,387.00,,1.00,167.00,220.00
53,2020-03-11,A,20.00,419.00,,,,,,,,,85.00,,,,
53,2020-03-11,B,17.00,687.00,,,,,,,,1.00,177.00,,,,
53,2020-03-11,C,11.00,375.00,,,,,,,,,69.00,,,,
53,2020-03-11,D,4.00,183.00,,,,,,,,,12.00,,,,
53,2020-03-11,E,1.00,261.00,,,,,,,,,44.00,,,,
75,2020-03-11,0,139.00,3640.00,4.00,73.00,66.00,1889.00,1751.00,2.00,2.00,32.00,1494.00,18.00,14.00,662.00,832.00
75,2020-03-11,A,34.00,709.00,,,,,,,,6.00,345.00,,,,
75,2020-03-11,B,66.00,1239.00,,,,,,,,16.00,701.00,,,,
75,2020-03-11,C,31.00,768.00,,,,,,,,7.00,247.00,,,,
75,2020-03-11,D,3.00,320.00,1.00,,,,,,,1.00,78.00,,,,
75,2020-03-11,E,5.00,604.00,3.00,,,,,,,2.00,123.00,,,,
76,2020-03-11,0,32.00,3832.00,9.00,20.00,12.00,2026.00,1806.00,8.00,1.00,1.00,446.00,1.00,,182.00,264.00
76,2020-03-11,A,3.00,871.00,1.00,,,,,,,,133.00,,,,
76,2020-03-11,B,16.00,1388.00,1.00,,,,,,,1.00,190.00,,,,
76,2020-03-11,C,10.00,722.00,4.00,,,,,,,,72.00,,,,
76,2020-03-11,D,,341.00,,,,,,,,,19.00,,,,
76,2020-03-11,E,3.00,510.00,3.00,,,,,,,,32.00,,,,
84,2020-03-11,0,40.00,5070.00,13.00,25.00,15.00,2710.00,2360.00,10.00,3.00,23.00,1200.00,16.00,7.00,529.00,656.00
84,2020-03-11,A,2.00,1041.00,,,,,,,,2.00,237.00,,,,
84,2020-03-11,B,25.00,2066.00,7.00,,,,,,,17.00,629.00,,,,
84,2020-03-11,C,4.00,921.00,,,,,,,,4.00,163.00,,,,
84,2020-03-11,D,3.00,409.00,1.00,,,,,,,,54.00,,,,
84,2020-03-11,E,6.00,633.00,5.00,,,,,,,,109.00,,,,
93,2020-03-11,0,52.00,3602.00,43.00,26.00,26.00,1912.00,1690.00,22.00,21.00,8.00,893.00,2.00,6.00,356.00,537.00
93,2020-03-11,A,12.00,848.00,12.00,,,,,,,2.00,273.00,,,,
93,2020-03-11,B,18.00,1217.00,15.00,,,,,,,5.00,369.00,,,,
93,2020-03-11,C,7.00,696.00,4.00,,,,,,,1.00,119.00,,,,
93,2020-03-11,D,7.00,324.00,6.00,,,,,,,,49.00,,,,
93,2020-03-11,E,8.00,517.00,6.00,,,,,,,,81.00,,,,
94,2020-03-11,0,19.00,199.00,19.00,5.00,14.00,107.00,92.00,5.00,14.00,,86.00,,,26.00,49.00
94,2020-03-11,A,3.00,34.00,3.00,,,,,,,,22.00,,,,
94,2020-03-11,B,13.00,72.00,13.00,,,,,,,,40.00,,,,
94,2020-03-11,C,3.00,39.00,3.00,,,,,,,,16.00,,,,
94,2020-03-11,D,,23.00,,,,,,,,,2.00,,,,
94,2020-03-11,E,,31.00,,,,,,,,,5.00,,,,
01,2020-03-12,0,,295.00,,,,142.00,153.00,,,,,,,,
01,2020-03-12,A,,85.00,,,,,,,,,,,,,
01,2020-03-12,B,,100.00,,,,,,,,,,,,,
01,2020-03-12,C,,59.00,,,,,,,,,,,,,
01,2020-03-12,D,,22.00,,,,,,,,,,,,,
01,2020-03-12,E,,29.00,,,,,,,,,,,,,
02,2020-03-12,0,,,,,,,,,,,134.00,,,58.00,76.00
02,2020-03-12,A,,,,,,,,,,,42.00,,,,
02,2020-03-12,B,,,,,,,,,,,29.00,,,,
02,2020-03-12,C,,,,,,,,,,,27.00,,,,
02,2020-03-12,D,,,,,,,,,,,13.00,,,,
02,2020-03-12,E,,,,,,,,,,,23.00,,,,
03,2020-03-12,0,,309.00,,,,150.00,159.00,,,,,,,,
03,2020-03-12,A,,113.00,,,,,,,,,,,,,
03,2020-03-12,B,,129.00,,,,,,,,,,,,,
03,2020-03-12,C,,54.00,,,,,,,,,,,,,
03,2020-03-12,D,,8.00,,,,,,,,,,,,,
03,2020-03-12,E,,5.00,,,,,,,,,,,,,
04,2020-03-12,0,29.00,515.00,29.00,11.00,18.00,276.00,239.00,11.00,18.00,,,,,,
04,2020-03-12,A,3.00,146.00,3.00,,,,,,,,,,,,
04,2020-03-12,B,10.00,165.00,10.00,,,,,,,,,,,,
04,2020-03-12,C,10.00,110.00,10.00,,,,,,,,,,,,
04,2020-03-12,D,6.00,44.00,6.00,,,,,,,,,,,,
04,2020-03-12,E,,50.00,,,,,,,,,,,,,
06,2020-03-12,0,,110.00,,,,71.00,39.00,,,,,,,,
06,2020-03-12,A,,35.00,,,,,,,,,,,,,
06,2020-03-12,B,,44.00,,,,,,,,,,,,,
06,2020-03-12,C,,20.00,,,,,,,,,,,,,
06,2020-03-12,D,,6.00,,,,,,,,,,,,,
06,2020-03-12,E,,5.00,,,,,,,,,,,,,
07,2020-03-12,0,,25.00,,,,17.00,8.00,,,,,,,,
07,2020-03-12,A,,2.00,,,,,,,,,,,,,
07,2020-03-12,B,,14.00,,,,,,,,,,,,,
07,2020-03-12,C,,8.00,,,,,,,,,,,,,
07,2020-03-12,D,,1.00,,,,,,,,,,,,,
07,2020-03-12,E,,,,,,,,,,,,,,,
08,2020-03-12,0,,16.00,,,,8.00,8.00,,,,,,,,
08,2020-03-12,A,,4.00,,,,,,,,,,,,,
08,2020-03-12,B,,10.00,,,,,,,,,,,,,
08,2020-03-12,C,,2.00,,,,,,,,,,,,,
08,2020-03-12,D,,,,,,,,,,,,,,,
08,2020-03-12,E,,,,,,,,,,,,,,,
11,2020-03-12,0,318.00,7975.00,88.00,163.00,155.00,4279.00,3694.00,54.00,34.00,84.00,2075.00,38.00,46.00,947.00,1121.00
11,2020-03-12,A,2.00,1999.00,,,,,,,,11.00,656.00,,,,
11,2020-03-12,B,174.00,3363.00,20.00,,,,,,,46.00,884.00,,,,
11,2020-03-12,C,86.00,1492.00,30.00,,,,,,,16.00,319.00,,,,
11,2020-03-12,D,24.00,471.00,14.00,,,,,,,7.00,79.00,,,,
11,2020-03-12,E,32.00,649.00,24.00,,,,,,,2.00,113.00,,,,
24,2020-03-12,0,19.00,1588.00,1.00,9.00,10.00,821.00,767.00,1.00,,1.00,450.00,,1.00,192.00,258.00
24,2020-03-12,A,8.00,408.00,,,,,,,,,119.00,,,,
24,2020-03-12,B,10.00,559.00,1.00,,,,,,,1.00,268.00,,,,
24,2020-03-12,C,1.00,269.00,,,,,,,,,42.00,,,,
24,2020-03-12,D,,124.00,,,,,,,,,6.00,,,,
24,2020-03-12,E,,228.00,,,,,,,,,14.00,,,,
27,2020-03-12,0,90.00,1878.00,34.00,41.00,49.00,963.00,915.00,19.00,15.00,9.00,331.00,5.00,4.00,155.00,175.00
27,2020-03-12,A,1.00,319.00,1.00,,,,,,,1.00,84.00,,,,
27,2020-03-12,B,37.00,712.00,4.00,,,,,,,5.00,166.00,,,,
27,2020-03-12,C,22.00,378.00,8.00,,,,,,,1.00,43.00,,,,
27,2020-03-12,D,14.00,170.00,7.00,,,,,,,,10.00,,,,
27,2020-03-12,E,16.00,299.00,14.00,,,,,,,2.00,27.00,,,,
28,2020-03-12,0,32.00,2222.00,2.00,21.00,11.00,1136.00,1086.00,2.00,,1.00,607.00,,1.00,275.00,332.00
28,2020-03-12,A,7.00,561.00,,,,,,,,,169.00,,,,
28,2020-03-12,B,17.00,813.00,,,,,,,,1.00,295.00,,,,
28,2020-03-12,C,5.00,384.00,,,,,,,,,107.00,,,,
28,2020-03-12,D,1.00,173.00,,,,,,,,,10.00,,,,
28,2020-03-12,E,2.00,291.00,2.00,,,,,,,,26.00,,,,
32,2020-03-12,0,33.00,3309.00,10.00,15.00,18.00,1695.00,1614.00,3.00,7.00,7.00,1465.00,3.00,4.00,631.00,834.00
32,2020-03-12,A,1.00,946.00,,,,,,,,2.00,496.00,,,,
32,2020-03-12,B,18.00,1150.00,2.00,,,,,,,1.00,696.00,,,,
32,2020-03-12,C,7.00,564.00,2.00,,,,,,,4.00,188.00,,,,
32,2020-03-12,D,1.00,247.00,1.00,,,,,,,,39.00,,,,
32,2020-03-12,E,6.00,402.00,5.00,,,,,,,,37.00,,,,
44,2020-03-12,0,75.00,3219.00,29.00,31.00,44.00,1608.00,1611.00,14.00,15.00,41.00,750.00,19.00,22.00,336.00,414.00
44,2020-03-12,A,7.00,759.00,,,,,,,,8.00,229.00,,,,
44,2020-03-12,B,26.00,1106.00,3.00,,,,,,,20.00,335.00,,,,
44,2020-03-12,C,17.00,587.00,6.00,,,,,,,10.00,99.00,,,,
44,2020-03-12,D,8.00,295.00,6.00,,,,,,,1.00,27.00,,,,
44,2020-03-12,E,17.00,472.00,14.00,,,,,,,2.00,55.00,,,,
52,2020-03-12,0,73.00,1733.00,8.00,32.00,41.00,907.00,826.00,3.00,5.00,9.00,570.00,4.00,5.00,262.00,308.00
52,2020-03-12,A,5.00,450.00,,,,,,,,1.00,165.00,,,,
52,2020-03-12,B,45.00,604.00,1.00,,,,,,,6.00,245.00,,,,
52,2020-03-12,C,11.00,300.00,,,,,,,,2.00,86.00,,,,
52,2020-03-12,D,5.00,137.00,3.00,,,,,,,,25.00,,,,
52,2020-03-12,E,6.00,241.00,4.00,,,,,,,,48.00,,,,
53,2020-03-12,0,74.00,1908.00,3.00,38.00,36.00,993.00,915.00,2.00,1.00,,417.00,,,181.00,236.00
53,2020-03-12,A,11.00,465.00,,,,,,,,,127.00,,,,
53,2020-03-12,B,31.00,612.00,1.00,,,,,,,,181.00,,,,
53,2020-03-12,C,18.00,365.00,1.00,,,,,,,,54.00,,,,
53,2020-03-12,D,10.00,147.00,1.00,,,,,,,,20.00,,,,
53,2020-03-12,E,4.00,319.00,,,,,,,,,34.00,,,,
75,2020-03-12,0,62.00,3605.00,12.00,32.00,30.00,1938.00,1667.00,8.00,4.00,28.00,1448.00,15.00,13.00,618.00,830.00
75,2020-03-12,A,10.00,715.00,,,,,,,,3.00,386.00,,,,
75,2020-03-12,B,31.00,1295.00,3.00,,,,,,,20.00,664.00,,,,
75,2020-03-12,C,14.00,703.00,4.00,,,,,,,4.00,211.00,,,,
75,2020-03-12,D,2.00,314.00,1.00,,,,,,,,66.00,,,,
75,2020-03-12,E,5.00,578.00,4.00,,,,,,,1.00,121.00,,,,
76,2020-03-12,0,49.00,3841.00,10.00,12.00,37.00,1989.00,1852.00,3.00,7.00,,449.00,,,213.00,236.00
76,2020-03-12,A,12.00,857.00,3.00,,,,,,,,140.00,,,,
76,2020-03-12,B,22.00,1396.00,1.00,,,,,,,,189.00,,,,
76,2020-03-12,C,12.00,720.00,4.00,,,,,,,,70.00,,,,
76,2020-03-12,D,1.00,332.00,,,,,,,,,18.00,,,,
76,2020-03-12,E,2.00,536.00,2.00,,,,,,,,32.00,,,,
84,2020-03-12,0,55.00,4914.00,28.00,25.00,30.00,2526.00,2388.00,13.00,15.00,33.00,1048.00,15.00,18.00,462.00,582.00
84,2020-03-12,A,,1099.00,,,,,,,,4.00,242.00,,,,
84,2020-03-12,B,21.00,1956.00,7.00,,,,,,,18.00,512.00,,,,
84,2020-03-12,C,15.00,899.00,6.00,,,,,,,8.00,154.00,,,,
84,2020-03-12,D,9.00,385.00,7.00,,,,,,,1.00,41.00,,,,
84,2020-03-12,E,10.00,575.00,8.00,,,,,,,2.00,98.00,,,,
93,2020-03-12,0,55.00,3665.00,20.00,24.00,31.00,1952.00,1713.00,9.00,11.00,7.00,935.00,2.00,5.00,386.00,549.00
93,2020-03-12,A,5.00,917.00,1.00,,,,,,,1.00,329.00,,,,
93,2020-03-12,B,20.00,1265.00,6.00,,,,,,,2.00,361.00,,,,
93,2020-03-12,C,15.00,618.00,4.00,,,,,,,3.00,132.00,,,,
93,2020-03-12,D,6.00,295.00,4.00,,,,,,,,29.00,,,,
93,2020-03-12,E,9.00,570.00,5.00,,,,,,,1.00,72.00,,,,
94,2020-03-12,0,26.00,188.00,26.00,15.00,11.00,104.00,84.00,15.00,11.00,,15.00,,,5.00,10.00
94,2020-03-12,A,4.00,20.00,4.00,,,,,,,,2.00,,,,
94,2020-03-12,B,15.00,76.00,15.00,,,,,,,,7.00,,,,
94,2020-03-12,C,4.00,45.00,4.00,,,,,,,,3.00,,,,
94,2020-03-12,D,1.00,18.00,1.00,,,,,,,,1.00,,,,
94,2020-03-12,E,2.00,29.00,2.00,,,,,,,,2.00,,,,
01,2020-03-13,0,,236.00,,,,118.00,118.00,,,,,,,,
01,2020-03-13,A,,63.00,,,,,,,,,,,,,
01,2020-03-13,B,,79.00,,,,,,,,,,,,,
01,2020-03-13,C,,45.00,,,,,,,,,,,,,
01,2020-03-13,D,,22.00,,,,,,,,,,,,,
01,2020-03-13,E,,27.00,,,,,,,,,,,,,
02,2020-03-13,0,,,,,,,,,,,146.00,,,51.00,95.00
02,2020-03-13,A,,,,,,,,,,,40.00,,,,
02,2020-03-13,B,,,,,,,,,,,51.00,,,,
02,2020-03-13,C,,,,,,,,,,,25.00,,,,
02,2020-03-13,D,,,,,,,,,,,18.00,,,,
02,2020-03-13,E,,,,,,,,,,,12.00,,,,
03,2020-03-13,0,,240.00,,,,105.00,135.00,,,,,,,,
03,2020-03-13,A,,82.00,,,,,,,,,,,,,
03,2020-03-13,B,,96.00,,,,,,,,,,,,,
03,2020-03-13,C,,50.00,,,,,,,,,,,,,
03,2020-03-13,D,,6.00,,,,,,,,,,,,,
03,2020-03-13,E,,6.00,,,,,,,,,,,,,
04,2020-03-13,0,1.00,475.00,,,1.00,271.00,204.00,,,,,,,,
04,2020-03-13,A,,109.00,,,,,,,,,,,,,
04,2020-03-13,B,1.00,188.00,,,,,,,,,,,,,
04,2020-03-13,C,,93.00,,,,,,,,,,,,,
04,2020-03-13,D,,35.00,,,,,,,,,,,,,
04,2020-03-13,E,,50.00,,,,,,,,,,,,,
06,2020-03-13,0,,147.00,,,,82.00,65.00,,,,,,,,
06,2020-03-13,A,,64.00,,,,,,,,,,,,,
06,2020-03-13,B,,59.00,,,,,,,,,,,,,
06,2020-03-13,C,,18.00,,,,,,,,,,,,,
06,2020-03-13,D,,3.00,,,,,,,,,,,,,
06,2020-03-13,E,,3.00,,,,,,,,,,,,,
07,2020-03-13,0,,28.00,,,,13.00,15.00,,,,,,,,
07,2020-03-13,A,,1.00,,,,,,,,,,,,,
07,2020-03-13,B,,13.00,,,,,,,,,,,,,
07,2020-03-13,C,,9.00,,,,,,,,,,,,,
07,2020-03-13,D,,2.00,,,,,,,,,,,,,
07,2020-03-13,E,,3.00,,,,,,,,,,,,,
08,2020-03-13,0,2.00,41.00,,,2.00,22.00,19.00,,,,,,,,
08,2020-03-13,A,1.00,3.00,,,,,,,,,,,,,
08,2020-03-13,B,1.00,18.00,,,,,,,,,,,,,
08,2020-03-13,C,,17.00,,,,,,,,,,,,,
08,2020-03-13,D,,1.00,,,,,,,,,,,,,
08,2020-03-13,E,,2.00,,,,,,,,,,,,,
11,2020-03-13,0,411.00,7168.00,101.00,198.00,213.00,3891.00,3275.00,56.00,45.00,91.00,1700.00,41.00,50.00,759.00,937.00
11,2020-03-13,A,3.00,1580.00,1.00,,,,,,,15.00,495.00,,,,
11,2020-03-13,B,243.00,3167.00,29.00,,,,,,,46.00,732.00,,,,
11,2020-03-13,C,102.00,1408.00,26.00,,,,,,,21.00,272.00,,,,
11,2020-03-13,D,26.00,393.00,14.00,,,,,,,6.00,76.00,,,,
11,2020-03-13,E,37.00,620.00,31.00,,,,,,,3.00,97.00,,,,
24,2020-03-13,0,12.00,1336.00,1.00,4.00,8.00,698.00,638.00,,1.00,,422.00,,,175.00,247.00
24,2020-03-13,A,2.00,274.00,,,,,,,,,117.00,,,,
24,2020-03-13,B,7.00,443.00,,,,,,,,,223.00,,,,
24,2020-03-13,C,1.00,262.00,,,,,,,,,51.00,,,,
24,2020-03-13,D,1.00,112.00,,,,,,,,,13.00,,,,
24,2020-03-13,E,1.00,245.00,1.00,,,,,,,,18.00,,,,
27,2020-03-13,0,96.00,1699.00,44.00,51.00,45.00,897.00,801.00,26.00,18.00,10.00,319.00,5.00,5.00,132.00,186.00
27,2020-03-13,A,2.00,275.00,,,,,,,,1.00,82.00,,,,
27,2020-03-13,B,32.00,580.00,7.00,,,,,,,6.00,146.00,,,,
27,2020-03-13,C,32.00,371.00,15.00,,,,,,,1.00,51.00,,,,
27,2020-03-13,D,11.00,183.00,7.00,,,,,,,2.00,15.00,,,,
27,2020-03-13,E,19.00,290.00,15.00,,,,,,,,25.00,,,,
28,2020-03-13,0,28.00,1937.00,9.00,14.00,14.00,1031.00,905.00,7.00,2.00,12.00,635.00,5.00,7.00,292.00,343.00
28,2020-03-13,A,,484.00,,,,,,,,2.00,176.00,,,,
28,2020-03-13,B,20.00,692.00,4.00,,,,,,,7.00,297.00,,,,
28,2020-03-13,C,3.00,340.00,,,,,,,,3.00,100.00,,,,
28,2020-03-13,D,1.00,159.00,1.00,,,,,,,,20.00,,,,
28,2020-03-13,E,4.00,262.00,4.00,,,,,,,,42.00,,,,
32,2020-03-13,0,75.00,2898.00,20.00,39.00,36.00,1519.00,1379.00,10.00,10.00,18.00,1360.00,10.00,8.00,612.00,748.00
32,2020-03-13,A,7.00,736.00,2.00,,,,,,,2.00,403.00,,,,
32,2020-03-13,B,35.00,1059.00,3.00,,,,,,,10.00,662.00,,,,
32,2020-03-13,C,14.00,533.00,2.00,,,,,,,3.00,194.00,,,,
32,2020-03-13,D,11.00,212.00,6.00,,,,,,,1.00,45.00,,,,
32,2020-03-13,E,8.00,357.00,7.00,,,,,,,2.00,55.00,,,,
44,2020-03-13,0,112.00,2945.00,57.00,44.00,68.00,1540.00,1405.00,28.00,29.00,25.00,767.00,6.00,19.00,329.00,437.00
44,2020-03-13,A,10.00,581.00,,,,,,,,4.00,196.00,,,,
44,2020-03-13,B,33.00,985.00,6.00,,,,,,,11.00,329.00,,,,
44,2020-03-13,C,28.00,580.00,17.00,,,,,,,7.00,122.00,,,,
44,2020-03-13,D,20.00,292.00,16.00,,,,,,,1.00,43.00,,,,
44,2020-03-13,E,21.00,507.00,18.00,,,,,,,2.00,77.00,,,,
52,2020-03-13,0,47.00,1525.00,9.00,20.00,27.00,776.00,748.00,4.00,5.00,4.00,520.00,,4.00,230.00,289.00
52,2020-03-13,A,3.00,308.00,,,,,,,,1.00,162.00,,,,
52,2020-03-13,B,30.00,541.00,3.00,,,,,,,3.00,196.00,,,,
52,2020-03-13,C,7.00,305.00,,,,,,,,,71.00,,,,
52,2020-03-13,D,2.00,143.00,1.00,,,,,,,,31.00,,,,
52,2020-03-13,E,5.00,228.00,5.00,,,,,,,,59.00,,,,
53,2020-03-13,0,70.00,1742.00,1.00,28.00,42.00,899.00,843.00,1.00,,3.00,420.00,2.00,1.00,190.00,230.00
53,2020-03-13,A,21.00,399.00,,,,,,,,2.00,105.00,,,,
53,2020-03-13,B,25.00,577.00,,,,,,,,1.00,175.00,,,,
53,2020-03-13,C,19.00,324.00,,,,,,,,,68.00,,,,
53,2020-03-13,D,3.00,160.00,,,,,,,,,18.00,,,,
53,2020-03-13,E,2.00,282.00,1.00,,,,,,,,53.00,,,,
75,2020-03-13,0,75.00,3424.00,6.00,34.00,41.00,1799.00,1625.00,5.00,1.00,42.00,1502.00,16.00,26.00,632.00,870.00
75,2020-03-13,A,11.00,635.00,,,,,,,,7.00,357.00,,,,
75,2020-03-13,B,31.00,1171.00,,,,,,,,22.00,705.00,,,,
75,2020-03-13,C,23.00,647.00,2.00,,,,,,,10.00,256.00,,,,
75,2020-03-13,D,6.00,323.00,3.00,,,,,,,1.00,65.00,,,,
75,2020-03-13,E,4.00,648.00,1.00,,,,,,,2.00,118.00,,,,
76,2020-03-13,0,89.00,3371.00,38.00,42.00,47.00,1796.00,1575.00,20.00,18.00,8.00,427.00,4.00,4.00,180.00,247.00
76,2020-03-13,A,14.00,686.00,4.00,,,,,,,1.00,138.00,,,,
76,2020-03-13,B,38.00,1179.00,5.00,,,,,,,4.00,174.00,,,,
76,2020-03-13,C,16.00,672.00,10.00,,,,,,,1.00,66.00,,,,
76,2020-03-13,D,10.00,302.00,8.00,,,,,,,2.00,22.00,,,,
76,2020-03-13,E,11.00,532.00,11.00,,,,,,,,27.00,,,,
84,2020-03-13,0,87.00,4474.00,37.00,39.00,48.00,2385.00,2089.00,23.00,14.00,51.00,1114.00,22.00,29.00,467.00,635.00
84,2020-03-13,A,2.00,952.00,,,,,,,,8.00,257.00,,,,
84,2020-03-13,B,41.00,1712.00,6.00,,,,,,,30.00,536.00,,,,
84,2020-03-13,C,20.00,851.00,10.00,,,,,,,9.00,167.00,,,,
84,2020-03-13,D,10.00,357.00,8.00,,,,,,,4.00,54.00,,,,
84,2020-03-13,E,14.00,602.00,13.00,,,,,,,,96.00,,,,
93,2020-03-13,0,100.00,3500.00,57.00,52.00,48.00,1818.00,1682.00,33.00,24.00,17.00,833.00,10.00,7.00,353.00,477.00
93,2020-03-13,A,6.00,779.00,5.00,,,,,,,4.00,252.00,,,,
93,2020-03-13,B,41.00,1200.00,21.00,,,,,,,8.00,316.00,,,,
93,2020-03-13,C,25.00,681.00,7.00,,,,,,,3.00,142.00,,,,
93,2020-03-13,D,13.00,299.00,12.00,,,,,,,,47.00,,,,
93,2020-03-13,E,15.00,541.00,12.00,,,,,,,,71.00,,,,
94,2020-03-13,0,39.00,191.00,38.00,19.00,20.00,110.00,81.00,19.00,19.00,2.00,97.00,1.00,1.00,22.00,60.00
94,2020-03-13,A,6.00,32.00,6.00,,,,,,,,18.00,,,,
94,2020-03-13,B,18.00,70.00,18.00,,,,,,,,46.00,,,,
94,2020-03-13,C,11.00,45.00,10.00,,,,,,,,24.00,,,,
94,2020-03-13,D,4.00,26.00,4.00,,,,,,,1.00,4.00,,,,
94,2020-03-13,E,,18.00,,,,,,,,1.00,5.00,,,,
01,2020-03-14,0,,232.00,,,,112.00,120.00,,,,,,,,
01,2020-03-14,A,,75.00,,,,,,,,,,,,,
01,2020-03-14,B,,76.00,,,,,,,,,,,,,
01,2020-03-14,C,,37.00,,,,,,,,,,,,,
01,2020-03-14,D,,18.00,,,,,,,,,,,,,
01,2020-03-14,E,,26.00,,,,,,,,,,,,,
02,2020-03-14,0,,,,,,,,,,,123.00,,,60.00,63.00
02,2020-03-14,A,,,,,,,,,,,42.00,,,,
02,2020-03-14,B,,,,,,,,,,,32.00,,,,
02,2020-03-14,C,,,,,,,,,,,18.00,,,,
02,2020-03-14,D,,,,,,,,,,,7.00,,,,
02,2020-03-14,E,,,,,,,,,,,24.00,,,,
03,2020-03-14,0,,232.00,,,,118.00,114.00,,,,,,,,
03,2020-03-14,A,,81.00,,,,,,,,,,,,,
03,2020-03-14,B,,97.00,,,,,,,,,,,,,
03,2020-03-14,C,,45.00,,,,,,,,,,,,,
03,2020-03-14,D,,5.00,,,,,,,,,,,,,
03,2020-03-14,E,,4.00,,,,,,,,,,,,,
04,2020-03-14,0,,504.00,,,,285.00,219.00,,,,,,,,
04,2020-03-14,A,,133.00,,,,,,,,,,,,,
04,2020-03-14,B,,177.00,,,,,,,,,,,,,
04,2020-03-14,C,,110.00,,,,,,,,,,,,,
04,2020-03-14,D,,41.00,,,,,,,,,,,,,
04,2020-03-14,E,,43.00,,,,,,,,,,,,,
06,2020-03-14,0,,129.00,,,,70.00,59.00,,,,,,,,
06,2020-03-14,A,,47.00,,,,,,,,,,,,,
06,2020-03-14,B,,54.00,,,,,,,,,,,,,
06,2020-03-14,C,,18.00,,,,,,,,,,,,,
06,2020-03-14,D,,7.00,,,,,,,,,,,,,
06,2020-03-14,E,,3.00,,,,,,,,,,,,,
07,2020-03-14,0,,21.00,,,,15.00,6.00,,,,,,,,
07,2020-03-14,A,,2.00,,,,,,,,,,,,,
07,2020-03-14,B,,11.00,,,,,,,,,,,,,
07,2020-03-14,C,,6.00,,,,,,,,,,,,,
07,2020-03-14,D,,1.00,,,,,,,,,,,,,
07,2020-03-14,E,,1.00,,,,,,,,,,,,,
08,2020-03-14,0,,37.00,,,,15.00,22.00,,,,,,,,
08,2020-03-14,A,,10.00,,,,,,,,,,,,,
08,2020-03-14,B,,17.00,,,,,,,,,,,,,
08,2020-03-14,C,,8.00,,,,,,,,,,,,,
08,2020-03-14,D,,1.00,,,,,,,,,,,,,
08,2020-03-14,E,,1.00,,,,,,,,,,,,,
11,2020-03-14,0,382.00,6630.00,87.00,205.00,177.00,3678.00,2951.00,54.00,33.00,109.00,2247.00,50.00,59.00,958.00,1284.00
11,2020-03-14,A,2.00,1388.00,1.00,,,,,,,9.00,752.00,,,,
11,2020-03-14,B,183.00,2965.00,17.00,,,,,,,63.00,851.00,,,,
11,2020-03-14,C,127.00,1290.00,31.00,,,,,,,28.00,385.00,,,,
11,2020-03-14,D,39.00,429.00,18.00,,,,,,,4.00,95.00,,,,
11,2020-03-14,E,31.00,558.00,20.00,,,,,,,2.00,135.00,,,,
24,2020-03-14,0,18.00,1316.00,2.00,8.00,10.00,704.00,612.00,1.00,1.00,1.00,559.00,1.00,,243.00,316.00
24,2020-03-14,A,2.00,275.00,,,,,,,,,162.00,,,,
24,2020-03-14,B,11.00,481.00,1.00,,,,,,,1.00,271.00,,,,
24,2020-03-14,C,2.00,249.00,,,,,,,,,78.00,,,,
24,2020-03-14,D,,114.00,,,,,,,,,24.00,,,,
24,2020-03-14,E,3.00,197.00,1.00,,,,,,,,22.00,,,,
27,2020-03-14,0,82.00,1682.00,29.00,42.00,40.00,883.00,799.00,18.00,11.00,28.00,421.00,14.00,14.00,200.00,221.00
27,2020-03-14,A,6.00,308.00,,,,,,,,4.00,130.00,,,,
27,2020-03-14,B,34.00,594.00,7.00,,,,,,,14.00,157.00,,,,
27,2020-03-14,C,23.00,365.00,7.00,,,,,,,8.00,78.00,,,,
27,2020-03-14,D,7.00,157.00,4.00,,,,,,,1.00,27.00,,,,
27,2020-03-14,E,12.00,258.00,11.00,,,,,,,1.00,27.00,,,,
28,2020-03-14,0,29.00,1844.00,4.00,11.00,18.00,927.00,916.00,2.00,2.00,19.00,833.00,7.00,12.00,364.00,469.00
28,2020-03-14,A,1.00,418.00,,,,,,,,2.00,294.00,,,,
28,2020-03-14,B,15.00,662.00,,,,,,,,13.00,350.00,,,,
28,2020-03-14,C,11.00,376.00,2.00,,,,,,,2.00,106.00,,,,
28,2020-03-14,D,,146.00,,,,,,,,,25.00,,,,
28,2020-03-14,E,2.00,242.00,2.00,,,,,,,2.00,58.00,,,,
32,2020-03-14,0,73.00,2635.00,20.00,30.00,43.00,1380.00,1255.00,10.00,10.00,11.00,1643.00,5.00,6.00,725.00,917.00
32,2020-03-14,A,2.00,606.00,,,,,,,,2.00,546.00,,,,
32,2020-03-14,B,33.00,1035.00,2.00,,,,,,,2.00,758.00,,,,
32,2020-03-14,C,17.00,484.00,5.00,,,,,,,6.00,204.00,,,,
32,2020-03-14,D,13.00,192.00,7.00,,,,,,,,52.00,,,,
32,2020-03-14,E,8.00,318.00,6.00,,,,,,,1.00,79.00,,,,
44,2020-03-14,0,118.00,3015.00,63.00,49.00,69.00,1542.00,1473.00,32.00,31.00,61.00,1181.00,22.00,39.00,511.00,669.00
44,2020-03-14,A,7.00,655.00,2.00,,,,,,,7.00,350.00,,,,
44,2020-03-14,B,31.00,1033.00,3.00,,,,,,,27.00,489.00,,,,
44,2020-03-14,C,30.00,552.00,14.00,,,,,,,17.00,172.00,,,,
44,2020-03-14,D,21.00,306.00,21.00,,,,,,,3.00,55.00,,,,
44,2020-03-14,E,29.00,469.00,23.00,,,,,,,7.00,111.00,,,,
52,2020-03-14,0,50.00,1488.00,6.00,19.00,31.00,809.00,677.00,3.00,3.00,18.00,665.00,8.00,10.00,312.00,352.00
52,2020-03-14,A,,309.00,,,,,,,,4.00,196.00,,,,
52,2020-03-14,B,30.00,563.00,1.00,,,,,,,7.00,242.00,,,,
52,2020-03-14,C,13.00,281.00,,,,,,,,5.00,109.00,,,,
52,2020-03-14,D,2.00,103.00,1.00,,,,,,,2.00,38.00,,,,
52,2020-03-14,E,5.00,232.00,4.00,,,,,,,,79.00,,,,
53,2020-03-14,0,66.00,1664.00,7.00,35.00,31.00,909.00,755.00,4.00,3.00,3.00,658.00,,3.00,286.00,372.00
53,2020-03-14,A,23.00,366.00,1.00,,,,,,,,211.00,,,,
53,2020-03-14,B,24.00,546.00,2.00,,,,,,,2.00,243.00,,,,
53,2020-03-14,C,12.00,362.00,,,,,,,,1.00,92.00,,,,
53,2020-03-14,D,6.00,164.00,3.00,,,,,,,,39.00,,,,
53,2020-03-14,E,1.00,226.00,1.00,,,,,,,,72.00,,,,
75,2020-03-14,0,50.00,3078.00,13.00,20.00,30.00,1662.00,1416.00,5.00,8.00,89.00,1895.00,39.00,50.00,825.00,1070.00
75,2020-03-14,A,3.00,535.00,,,,,,,,13.00,540.00,,,,
75,2020-03-14,B,24.00,1091.00,3.00,,,,,,,61.00,850.00,,,,
75,2020-03-14,C,20.00,614.00,8.00,,,,,,,11.00,255.00,,,,
75,2020-03-14,D,1.00,285.00,1.00,,,,,,,2.00,82.00,,,,
75,2020-03-14,E,2.00,553.00,1.00,,,,,,,1.00,167.00,,,,
76,2020-03-14,0,118.00,3285.00,45.00,58.00,60.00,1723.00,1562.00,22.00,23.00,35.00,727.00,13.00,22.00,305.00,422.00
76,2020-03-14,A,16.00,722.00,2.00,,,,,,,14.00,277.00,,,,
76,2020-03-14,B,52.00,1227.00,10.00,,,,,,,15.00,267.00,,,,
76,2020-03-14,C,21.00,621.00,7.00,,,,,,,3.00,101.00,,,,
76,2020-03-14,D,7.00,276.00,6.00,,,,,,,1.00,35.00,,,,
76,2020-03-14,E,22.00,439.00,20.00,,,,,,,2.00,47.00,,,,
84,2020-03-14,0,85.00,4296.00,40.00,44.00,41.00,2322.00,1974.00,21.00,19.00,75.00,1244.00,34.00,40.00,555.00,671.00
84,2020-03-14,A,3.00,870.00,1.00,,,,,,,13.00,340.00,,,,
84,2020-03-14,B,34.00,1710.00,6.00,,,,,,,42.00,538.00,,,,
84,2020-03-14,C,23.00,848.00,10.00,,,,,,,14.00,162.00,,,,
84,2020-03-14,D,7.00,354.00,5.00,,,,,,,4.00,59.00,,,,
84,2020-03-14,E,18.00,514.00,18.00,,,,,,,2.00,144.00,,,,
93,2020-03-14,0,85.00,3445.00,41.00,31.00,54.00,1800.00,1645.00,18.00,23.00,26.00,1294.00,7.00,19.00,549.00,740.00
93,2020-03-14,A,13.00,823.00,10.00,,,,,,,2.00,450.00,,,,
93,2020-03-14,B,32.00,1217.00,13.00,,,,,,,13.00,418.00,,,,
93,2020-03-14,C,23.00,688.00,6.00,,,,,,,8.00,206.00,,,,
93,2020-03-14,D,10.00,262.00,5.00,,,,,,,3.00,80.00,,,,
93,2020-03-14,E,7.00,455.00,7.00,,,,,,,,130.00,,,,
94,2020-03-14,0,20.00,179.00,20.00,11.00,9.00,110.00,69.00,11.00,9.00,11.00,104.00,3.00,8.00,27.00,61.00
94,2020-03-14,A,4.00,29.00,4.00,,,,,,,2.00,27.00,,,,
94,2020-03-14,B,10.00,70.00,10.00,,,,,,,5.00,39.00,,,,
94,2020-03-14,C,5.00,40.00,5.00,,,,,,,3.00,22.00,,,,
94,2020-03-14,D,,16.00,,,,,,,,,12.00,,,,
94,2020-03-14,E,1.00,24.00,1.00,,,,,,,,3.00,,,,
01,2020-03-15,0,,180.00,,,,88.00,92.00,,,,,,,,
01,2020-03-15,A,,72.00,,,,,,,,,,,,,
01,2020-03-15,B,,58.00,,,,,,,,,,,,,
01,2020-03-15,C,,31.00,,,,,,,,,,,,,
01,2020-03-15,D,,9.00,,,,,,,,,,,,,
01,2020-03-15,E,,10.00,,,,,,,,,,,,,
02,2020-03-15,0,,,,,,,,,,,100.00,,,38.00,62.00
02,2020-03-15,A,,,,,,,,,,,26.00,,,,
02,2020-03-15,B,,,,,,,,,,,27.00,,,,
02,2020-03-15,C,,,,,,,,,,,22.00,,,,
02,2020-03-15,D,,,,,,,,,,,13.00,,,,
02,2020-03-15,E,,,,,,,,,,,12.00,,,,
03,2020-03-15,0,,224.00,,,,118.00,106.00,,,,,,,,
03,2020-03-15,A,,71.00,,,,,,,,,,,,,
03,2020-03-15,B,,100.00,,,,,,,,,,,,,
03,2020-03-15,C,,33.00,,,,,,,,,,,,,
03,2020-03-15,D,,9.00,,,,,,,,,,,,,
03,2020-03-15,E,,11.00,,,,,,,,,,,,,
04,2020-03-15,0,,444.00,,,,245.00,199.00,,,,,,,,
04,2020-03-15,A,,122.00,,,,,,,,,,,,,
04,2020-03-15,B,,162.00,,,,,,,,,,,,,
04,2020-03-15,C,,82.00,,,,,,,,,,,,,
04,2020-03-15,D,,37.00,,,,,,,,,,,,,
04,2020-03-15,E,,41.00,,,,,,,,,,,,,
06,2020-03-15,0,,136.00,,,,80.00,56.00,,,,,,,,
06,2020-03-15,A,,48.00,,,,,,,,,,,,,
06,2020-03-15,B,,69.00,,,,,,,,,,,,,
06,2020-03-15,C,,14.00,,,,,,,,,,,,,
06,2020-03-15,D,,3.00,,,,,,,,,,,,,
06,2020-03-15,E,,2.00,,,,,,,,,,,,,
07,2020-03-15,0,,17.00,,,,10.00,7.00,,,,,,,,
07,2020-03-15,A,,1.00,,,,,,,,,,,,,
07,2020-03-15,B,,11.00,,,,,,,,,,,,,
07,2020-03-15,C,,3.00,,,,,,,,,,,,,
07,2020-03-15,D,,1.00,,,,,,,,,,,,,
07,2020-03-15,E,,1.00,,,,,,,,,,,,,
08,2020-03-15,0,,32.00,,,,18.00,14.00,,,,,,,,
08,2020-03-15,A,,9.00,,,,,,,,,,,,,
08,2020-03-15,B,,19.00,,,,,,,,,,,,,
08,2020-03-15,C,,2.00,,,,,,,,,,,,,
08,2020-03-15,D,,2.00,,,,,,,,,,,,,
08,2020-03-15,E,,,,,,,,,,,,,,,
11,2020-03-15,0,502.00,6087.00,102.00,259.00,243.00,3380.00,2704.00,60.00,42.00,195.00,2433.00,87.00,108.00,1078.00,1350.00
11,2020-03-15,A,4.00,1318.00,1.00,,,,,,,30.00,805.00,,,,
11,2020-03-15,B,269.00,2729.00,16.00,,,,,,,108.00,957.00,,,,
11,2020-03-15,C,157.00,1211.00,35.00,,,,,,,41.00,442.00,,,,
11,2020-03-15,D,33.00,345.00,21.00,,,,,,,8.00,78.00,,,,
11,2020-03-15,E,39.00,482.00,29.00,,,,,,,6.00,120.00,,,,
24,2020-03-15,0,12.00,1172.00,5.00,3.00,9.00,614.00,558.00,2.00,3.00,6.00,429.00,2.00,4.00,163.00,266.00
24,2020-03-15,A,1.00,254.00,,,,,,,,1.00,151.00,,,,
24,2020-03-15,B,3.00,406.00,1.00,,,,,,,5.00,177.00,,,,
24,2020-03-15,C,4.00,245.00,1.00,,,,,,,,70.00,,,,
24,2020-03-15,D,1.00,88.00,,,,,,,,,13.00,,,,
24,2020-03-15,E,3.00,179.00,3.00,,,,,,,,16.00,,,,
27,2020-03-15,0,68.00,1531.00,28.00,33.00,35.00,805.00,725.00,15.00,13.00,30.00,358.00,10.00,20.00,149.00,206.00
27,2020-03-15,A,2.00,302.00,,,,,,,,3.00,103.00,,,,
27,2020-03-15,B,22.00,554.00,6.00,,,,,,,17.00,147.00,,,,
27,2020-03-15,C,18.00,309.00,3.00,,,,,,,8.00,59.00,,,,
27,2020-03-15,D,10.00,114.00,6.00,,,,,,,,26.00,,,,
27,2020-03-15,E,16.00,252.00,13.00,,,,,,,2.00,23.00,,,,
28,2020-03-15,0,43.00,1598.00,4.00,7.00,36.00,830.00,766.00,1.00,3.00,31.00,794.00,10.00,21.00,331.00,463.00
28,2020-03-15,A,1.00,412.00,,,,,,,,8.00,315.00,,,,
28,2020-03-15,B,26.00,568.00,2.00,,,,,,,18.00,306.00,,,,
28,2020-03-15,C,13.00,291.00,,,,,,,,5.00,106.00,,,,
28,2020-03-15,D,1.00,118.00,,,,,,,,,23.00,,,,
28,2020-03-15,E,2.00,209.00,2.00,,,,,,,,44.00,,,,
32,2020-03-15,0,68.00,2349.00,19.00,32.00,36.00,1261.00,1088.00,9.00,10.00,37.00,1241.00,7.00,30.00,544.00,697.00
32,2020-03-15,A,4.00,636.00,,,,,,,,6.00,512.00,,,,
32,2020-03-15,B,30.00,907.00,4.00,,,,,,,23.00,501.00,,,,
32,2020-03-15,C,16.00,418.00,6.00,,,,,,,7.00,168.00,,,,
32,2020-03-15,D,7.00,156.00,3.00,,,,,,,1.00,22.00,,,,
32,2020-03-15,E,11.00,232.00,6.00,,,,,,,,37.00,,,,
44,2020-03-15,0,186.00,2696.00,77.00,88.00,97.00,1425.00,1270.00,49.00,28.00,66.00,1256.00,25.00,41.00,545.00,709.00
44,2020-03-15,A,9.00,582.00,1.00,,,,,,,3.00,365.00,,,,
44,2020-03-15,B,58.00,953.00,9.00,,,,,,,44.00,537.00,,,,
44,2020-03-15,C,66.00,515.00,23.00,,,,,,,14.00,195.00,,,,
44,2020-03-15,D,22.00,241.00,15.00,,,,,,,4.00,56.00,,,,
44,2020-03-15,E,31.00,405.00,29.00,,,,,,,1.00,98.00,,,,
52,2020-03-15,0,54.00,1246.00,15.00,19.00,35.00,665.00,581.00,5.00,10.00,54.00,653.00,17.00,37.00,295.00,357.00
52,2020-03-15,A,3.00,286.00,,,,,,,,10.00,210.00,,,,
52,2020-03-15,B,31.00,457.00,3.00,,,,,,,34.00,247.00,,,,
52,2020-03-15,C,10.00,222.00,3.00,,,,,,,7.00,101.00,,,,
52,2020-03-15,D,6.00,120.00,5.00,,,,,,,2.00,25.00,,,,
52,2020-03-15,E,4.00,161.00,4.00,,,,,,,1.00,69.00,,,,
53,2020-03-15,0,56.00,1536.00,8.00,26.00,30.00,842.00,694.00,7.00,1.00,27.00,686.00,18.00,9.00,306.00,380.00
53,2020-03-15,A,19.00,331.00,,,,,,,,16.00,236.00,,,,
53,2020-03-15,B,13.00,569.00,2.00,,,,,,,7.00,259.00,,,,
53,2020-03-15,C,17.00,294.00,1.00,,,,,,,4.00,105.00,,,,
53,2020-03-15,D,3.00,119.00,2.00,,,,,,,,23.00,,,,
53,2020-03-15,E,4.00,223.00,3.00,,,,,,,,63.00,,,,
75,2020-03-15,0,64.00,2728.00,10.00,35.00,29.00,1476.00,1252.00,7.00,3.00,186.00,1753.00,79.00,107.00,743.00,1010.00
75,2020-03-15,A,4.00,537.00,,,,,,,,28.00,523.00,,,,
75,2020-03-15,B,29.00,943.00,2.00,,,,,,,103.00,723.00,,,,
75,2020-03-15,C,19.00,546.00,2.00,,,,,,,43.00,300.00,,,,
75,2020-03-15,D,6.00,235.00,1.00,,,,,,,5.00,78.00,,,,
75,2020-03-15,E,6.00,467.00,5.00,,,,,,,7.00,128.00,,,,
76,2020-03-15,0,107.00,2846.00,47.00,62.00,45.00,1490.00,1355.00,27.00,20.00,75.00,804.00,34.00,41.00,338.00,466.00
76,2020-03-15,A,26.00,554.00,8.00,,,,,,,28.00,306.00,,,,
76,2020-03-15,B,37.00,1093.00,10.00,,,,,,,37.00,340.00,,,,
76,2020-03-15,C,20.00,552.00,6.00,,,,,,,8.00,91.00,,,,
76,2020-03-15,D,7.00,266.00,7.00,,,,,,,2.00,24.00,,,,
76,2020-03-15,E,17.00,381.00,16.00,,,,,,,,43.00,,,,
84,2020-03-15,0,63.00,3706.00,29.00,28.00,35.00,1989.00,1717.00,11.00,18.00,114.00,1184.00,50.00,64.00,446.00,719.00
84,2020-03-15,A,1.00,785.00,1.00,,,,,,,21.00,352.00,,,,
84,2020-03-15,B,30.00,1514.00,5.00,,,,,,,58.00,491.00,,,,
84,2020-03-15,C,8.00,700.00,4.00,,,,,,,21.00,168.00,,,,
84,2020-03-15,D,7.00,251.00,5.00,,,,,,,5.00,58.00,,,,
84,2020-03-15,E,17.00,456.00,14.00,,,,,,,9.00,114.00,,,,
93,2020-03-15,0,88.00,3074.00,39.00,41.00,47.00,1562.00,1512.00,20.00,19.00,104.00,1158.00,39.00,65.00,491.00,667.00
93,2020-03-15,A,4.00,718.00,2.00,,,,,,,22.00,425.00,,,,
93,2020-03-15,B,23.00,1102.00,4.00,,,,,,,62.00,416.00,,,,
93,2020-03-15,C,31.00,604.00,9.00,,,,,,,16.00,174.00,,,,
93,2020-03-15,D,7.00,254.00,4.00,,,,,,,2.00,48.00,,,,
93,2020-03-15,E,23.00,396.00,20.00,,,,,,,,85.00,,,,
94,2020-03-15,0,35.00,146.00,35.00,18.00,17.00,85.00,61.00,18.00,17.00,47.00,100.00,8.00,32.00,29.00,58.00
94,2020-03-15,A,2.00,17.00,2.00,,,,,,,6.00,23.00,,,,
94,2020-03-15,B,18.00,60.00,18.00,,,,,,,24.00,42.00,,,,
94,2020-03-15,C,14.00,45.00,14.00,,,,,,,12.00,20.00,,,,
94,2020-03-15,D,,13.00,,,,,,,,2.00,11.00,,,,
94,2020-03-15,E,1.00,11.00,1.00,,,,,,,3.00,4.00,,,,
01,2020-03-16,0,,185.00,,,,85.00,100.00,,,,,,,,
01,2020-03-16,A,,50.00,,,,,,,,,,,,,
01,2020-03-16,B,,60.00,,,,,,,,,,,,,
01,2020-03-16,C,,39.00,,,,,,,,,,,,,
01,2020-03-16,D,,18.00,,,,,,,,,,,,,
01,2020-03-16,E,,18.00,,,,,,,,,,,,,
02,2020-03-16,0,,,,,,,,,,,148.00,,,62.00,86.00
02,2020-03-16,A,,,,,,,,,,,48.00,,,,
02,2020-03-16,B,,,,,,,,,,,29.00,,,,
02,2020-03-16,C,,,,,,,,,,,32.00,,,,
02,2020-03-16,D,,,,,,,,,,,17.00,,,,
02,2020-03-16,E,,,,,,,,,,,22.00,,,,
03,2020-03-16,0,,237.00,,,,123.00,114.00,,,,,,,,
03,2020-03-16,A,,86.00,,,,,,,,,,,,,
03,2020-03-16,B,,95.00,,,,,,,,,,,,,
03,2020-03-16,C,,38.00,,,,,,,,,,,,,
03,2020-03-16,D,,12.00,,,,,,,,,,,,,
03,2020-03-16,E,,6.00,,,,,,,,,,,,,
04,2020-03-16,0,,432.00,,,,235.00,197.00,,,,,,,,
04,2020-03-16,A,,107.00,,,,,,,,,,,,,
04,2020-03-16,B,,127.00,,,,,,,,,,,,,
04,2020-03-16,C,,110.00,,,,,,,,,,,,,
04,2020-03-16,D,,42.00,,,,,,,,,,,,,
04,2020-03-16,E,,46.00,,,,,,,,,,,,,
06,2020-03-16,0,,117.00,,,,78.00,39.00,,,,,,,,
06,2020-03-16,A,,48.00,,,,,,,,,,,,,
06,2020-03-16,B,,39.00,,,,,,,,,,,,,
06,2020-03-16,C,,25.00,,,,,,,,,,,,,
06,2020-03-16,D,,4.00,,,,,,,,,,,,,
06,2020-03-16,E,,1.00,,,,,,,,,,,,,
07,2020-03-16,0,,31.00,,,,19.00,12.00,,,,,,,,
07,2020-03-16,A,,,,,,,,,,,,,,,
07,2020-03-16,B,,14.00,,,,,,,,,,,,,
07,2020-03-16,C,,14.00,,,,,,,,,,,,,
07,2020-03-16,D,,2.00,,,,,,,,,,,,,
07,2020-03-16,E,,1.00,,,,,,,,,,,,,
08,2020-03-16,0,1.00,22.00,,,1.00,13.00,9.00,,,,,,,,
08,2020-03-16,A,,4.00,,,,,,,,,,,,,
08,2020-03-16,B,1.00,12.00,,,,,,,,,,,,,
08,2020-03-16,C,,5.00,,,,,,,,,,,,,
08,2020-03-16,D,,,,,,,,,,,,,,,
08,2020-03-16,E,,1.00,,,,,,,,,,,,,
11,2020-03-16,0,628.00,5943.00,134.00,315.00,313.00,3273.00,2668.00,91.00,43.00,282.00,1978.00,128.00,154.00,833.00,1142.00
11,2020-03-16,A,9.00,1000.00,,,,,,,,36.00,487.00,,,,
11,2020-03-16,B,306.00,2641.00,20.00,,,,,,,157.00,851.00,,,,
11,2020-03-16,C,213.00,1388.00,43.00,,,,,,,66.00,420.00,,,,
11,2020-03-16,D,44.00,394.00,26.00,,,,,,,15.00,92.00,,,,
11,2020-03-16,E,56.00,520.00,45.00,,,,,,,5.00,118.00,,,,
24,2020-03-16,0,18.00,1146.00,6.00,4.00,14.00,595.00,551.00,3.00,3.00,,453.00,,,202.00,251.00
24,2020-03-16,A,,194.00,,,,,,,,,118.00,,,,
24,2020-03-16,B,11.00,387.00,3.00,,,,,,,,223.00,,,,
24,2020-03-16,C,2.00,230.00,,,,,,,,,80.00,,,,
24,2020-03-16,D,4.00,129.00,2.00,,,,,,,,16.00,,,,
24,2020-03-16,E,1.00,206.00,1.00,,,,,,,,16.00,,,,
27,2020-03-16,0,158.00,1451.00,38.00,70.00,88.00,795.00,655.00,24.00,14.00,48.00,312.00,8.00,40.00,127.00,185.00
27,2020-03-16,A,5.00,212.00,2.00,,,,,,,4.00,66.00,,,,
27,2020-03-16,B,68.00,482.00,5.00,,,,,,,30.00,138.00,,,,
27,2020-03-16,C,47.00,369.00,6.00,,,,,,,10.00,62.00,,,,
27,2020-03-16,D,13.00,147.00,4.00,,,,,,,1.00,25.00,,,,
27,2020-03-16,E,25.00,241.00,21.00,,,,,,,3.00,17.00,,,,
28,2020-03-16,0,52.00,1525.00,3.00,21.00,31.00,816.00,708.00,3.00,,77.00,684.00,29.00,48.00,281.00,403.00
28,2020-03-16,A,,284.00,,,,,,,,13.00,198.00,,,,
28,2020-03-16,B,33.00,560.00,1.00,,,,,,,45.00,315.00,,,,
28,2020-03-16,C,16.00,318.00,1.00,,,,,,,18.00,127.00,,,,
28,2020-03-16,D,1.00,160.00,,,,,,,,,16.00,,,,
28,2020-03-16,E,2.00,203.00,1.00,,,,,,,1.00,28.00,,,,
32,2020-03-16,0,92.00,2195.00,33.00,44.00,48.00,1173.00,1022.00,19.00,14.00,60.00,1263.00,25.00,35.00,606.00,657.00
32,2020-03-16,A,5.00,460.00,2.00,,,,,,,7.00,337.00,,,,
32,2020-03-16,B,37.00,782.00,6.00,,,,,,,41.00,633.00,,,,
32,2020-03-16,C,19.00,463.00,5.00,,,,,,,7.00,206.00,,,,
32,2020-03-16,D,8.00,183.00,6.00,,,,,,,3.00,39.00,,,,
32,2020-03-16,E,23.00,307.00,14.00,,,,,,,1.00,36.00,,,,
44,2020-03-16,0,284.00,2566.00,125.00,139.00,145.00,1315.00,1250.00,80.00,45.00,59.00,789.00,24.00,35.00,338.00,451.00
44,2020-03-16,A,8.00,446.00,,,,,,,,3.00,193.00,,,,
44,2020-03-16,B,92.00,872.00,5.00,,,,,,,32.00,373.00,,,,
44,2020-03-16,C,73.00,519.00,32.00,,,,,,,17.00,136.00,,,,
44,2020-03-16,D,50.00,272.00,33.00,,,,,,,5.00,37.00,,,,
44,2020-03-16,E,61.00,457.00,55.00,,,,,,,2.00,49.00,,,,
52,2020-03-16,0,96.00,1352.00,16.00,29.00,67.00,679.00,673.00,9.00,7.00,56.00,523.00,32.00,24.00,228.00,294.00
52,2020-03-16,A,,233.00,,,,,,,,21.00,147.00,,,,
52,2020-03-16,B,44.00,472.00,,,,,,,,24.00,233.00,,,,
52,2020-03-16,C,32.00,326.00,2.00,,,,,,,7.00,66.00,,,,
52,2020-03-16,D,10.00,108.00,4.00,,,,,,,2.00,27.00,,,,
52,2020-03-16,E,10.00,213.00,10.00,,,,,,,2.00,49.00,,,,
53,2020-03-16,0,67.00,1476.00,14.00,28.00,39.00,752.00,724.00,8.00,6.00,22.00,457.00,8.00,14.00,205.00,252.00
53,2020-03-16,A,8.00,296.00,,,,,,,,6.00,136.00,,,,
53,2020-03-16,B,35.00,500.00,5.00,,,,,,,12.00,205.00,,,,
53,2020-03-16,C,14.00,317.00,2.00,,,,,,,3.00,61.00,,,,
53,2020-03-16,D,3.00,123.00,2.00,,,,,,,1.00,12.00,,,,
53,2020-03-16,E,7.00,240.00,5.00,,,,,,,,43.00,,,,
75,2020-03-16,0,119.00,2413.00,26.00,42.00,77.00,1264.00,1149.00,7.00,19.00,210.00,1512.00,93.00,117.00,638.00,874.00
75,2020-03-16,A,8.00,354.00,1.00,,,,,,,31.00,366.00,,,,
75,2020-03-16,B,53.00,833.00,5.00,,,,,,,133.00,724.00,,,,
75,2020-03-16,C,40.00,563.00,7.00,,,,,,,37.00,281.00,,,,
75,2020-03-16,D,5.00,231.00,2.00,,,,,,,2.00,50.00,,,,
75,2020-03-16,E,13.00,432.00,11.00,,,,,,,7.00,91.00,,,,
76,2020-03-16,0,160.00,2575.00,57.00,75.00,85.00,1338.00,1236.00,25.00,32.00,44.00,420.00,21.00,23.00,180.00,240.00
76,2020-03-16,A,12.00,437.00,5.00,,,,,,,13.00,126.00,,,,
76,2020-03-16,B,70.00,882.00,13.00,,,,,,,23.00,179.00,,,,
76,2020-03-16,C,45.00,573.00,14.00,,,,,,,5.00,68.00,,,,
76,2020-03-16,D,15.00,268.00,10.00,,,,,,,1.00,19.00,,,,
76,2020-03-16,E,18.00,415.00,15.00,,,,,,,2.00,28.00,,,,
84,2020-03-16,0,139.00,3481.00,46.00,66.00,73.00,1813.00,1668.00,26.00,20.00,138.00,973.00,54.00,83.00,418.00,553.00
84,2020-03-16,A,4.00,602.00,2.00,,,,,,,9.00,212.00,,,,
84,2020-03-16,B,72.00,1296.00,9.00,,,,,,,69.00,432.00,,,,
84,2020-03-16,C,36.00,785.00,13.00,,,,,,,42.00,191.00,,,,
84,2020-03-16,D,12.00,303.00,9.00,,,,,,,10.00,49.00,,,,
84,2020-03-16,E,15.00,495.00,13.00,,,,,,,8.00,89.00,,,,
93,2020-03-16,0,96.00,2722.00,44.00,38.00,58.00,1450.00,1272.00,17.00,27.00,132.00,930.00,49.00,83.00,402.00,528.00
93,2020-03-16,A,6.00,507.00,3.00,,,,,,,36.00,322.00,,,,
93,2020-03-16,B,31.00,985.00,9.00,,,,,,,49.00,323.00,,,,
93,2020-03-16,C,38.00,601.00,12.00,,,,,,,32.00,145.00,,,,
93,2020-03-16,D,7.00,243.00,7.00,,,,,,,8.00,55.00,,,,
93,2020-03-16,E,14.00,386.00,13.00,,,,,,,7.00,82.00,,,,
94,2020-03-16,0,35.00,152.00,35.00,16.00,19.00,81.00,71.00,16.00,19.00,3.00,21.00,1.00,2.00,7.00,14.00
94,2020-03-16,A,,12.00,,,,,,,,,4.00,,,,
94,2020-03-16,B,16.00,51.00,16.00,,,,,,,1.00,8.00,,,,
94,2020-03-16,C,13.00,51.00,13.00,,,,,,,2.00,7.00,,,,
94,2020-03-16,D,4.00,22.00,4.00,,,,,,,,1.00,,,,
94,2020-03-16,E,2.00,16.00,2.00,,,,,,,,1.00,,,,
01,2020-03-17,0,,180.00,,,,86.00,94.00,,,,,,,,
01,2020-03-17,A,,53.00,,,,,,,,,,,,,
01,2020-03-17,B,,70.00,,,,,,,,,,,,,
01,2020-03-17,C,,30.00,,,,,,,,,,,,,
01,2020-03-17,D,,13.00,,,,,,,,,,,,,
01,2020-03-17,E,,14.00,,,,,,,,,,,,,
02,2020-03-17,0,,,,,,,,,,,126.00,,,53.00,73.00
02,2020-03-17,A,,,,,,,,,,,36.00,,,,
02,2020-03-17,B,,,,,,,,,,,33.00,,,,
02,2020-03-17,C,,,,,,,,,,,28.00,,,,
02,2020-03-17,D,,,,,,,,,,,12.00,,,,
02,2020-03-17,E,,,,,,,,,,,17.00,,,,
03,2020-03-17,0,1.00,220.00,,,1.00,113.00,107.00,,,,,,,,
03,2020-03-17,A,,71.00,,,,,,,,,,,,,
03,2020-03-17,B,1.00,100.00,,,,,,,,,,,,,
03,2020-03-17,C,,35.00,,,,,,,,,,,,,
03,2020-03-17,D,,10.00,,,,,,,,,,,,,
03,2020-03-17,E,,4.00,,,,,,,,,,,,,
04,2020-03-17,0,1.00,342.00,,1.00,,188.00,154.00,,,,,,,,
04,2020-03-17,A,,83.00,,,,,,,,,,,,,
04,2020-03-17,B,1.00,116.00,,,,,,,,,,,,,
04,2020-03-17,C,,79.00,,,,,,,,,,,,,
04,2020-03-17,D,,30.00,,,,,,,,,,,,,
04,2020-03-17,E,,34.00,,,,,,,,,,,,,
06,2020-03-17,0,,98.00,,,,52.00,46.00,,,,,,,,
06,2020-03-17,A,,34.00,,,,,,,,,,,,,
06,2020-03-17,B,,49.00,,,,,,,,,,,,,
06,2020-03-17,C,,12.00,,,,,,,,,,,,,
06,2020-03-17,D,,2.00,,,,,,,,,,,,,
06,2020-03-17,E,,1.00,,,,,,,,,,,,,
07,2020-03-17,0,,19.00,,,,9.00,10.00,,,,,,,,
07,2020-03-17,A,,2.00,,,,,,,,,,,,,
07,2020-03-17,B,,7.00,,,,,,,,,,,,,
07,2020-03-17,C,,7.00,,,,,,,,,,,,,
07,2020-03-17,D,,1.00,,,,,,,,,,,,,
07,2020-03-17,E,,2.00,,,,,,,,,,,,,
08,2020-03-17,0,,19.00,,,,13.00,6.00,,,,,,,,
08,2020-03-17,A,,4.00,,,,,,,,,,,,,
08,2020-03-17,B,,8.00,,,,,,,,,,,,,
08,2020-03-17,C,,6.00,,,,,,,,,,,,,
08,2020-03-17,D,,1.00,,,,,,,,,,,,,
08,2020-03-17,E,,,,,,,,,,,,,,,
11,2020-03-17,0,642.00,5006.00,180.00,314.00,328.00,2741.00,2264.00,112.00,68.00,223.00,1806.00,108.00,115.00,808.00,997.00
11,2020-03-17,A,4.00,770.00,3.00,,,,,,,30.00,474.00,,,,
11,2020-03-17,B,320.00,2160.00,29.00,,,,,,,115.00,731.00,,,,
11,2020-03-17,C,194.00,1189.00,72.00,,,,,,,62.00,383.00,,,,
11,2020-03-17,D,62.00,352.00,30.00,,,,,,,5.00,87.00,,,,
11,2020-03-17,E,62.00,535.00,46.00,,,,,,,10.00,128.00,,,,
24,2020-03-17,0,39.00,906.00,10.00,12.00,27.00,470.00,434.00,4.00,6.00,18.00,337.00,6.00,12.00,157.00,180.00
24,2020-03-17,A,1.00,147.00,,,,,,,,3.00,85.00,,,,
24,2020-03-17,B,23.00,314.00,5.00,,,,,,,13.00,191.00,,,,
24,2020-03-17,C,11.00,189.00,2.00,,,,,,,,39.00,,,,
24,2020-03-17,D,1.00,94.00,1.00,,,,,,,,8.00,,,,
24,2020-03-17,E,3.00,162.00,2.00,,,,,,,,12.00,,,,
27,2020-03-17,0,151.00,1139.00,54.00,59.00,92.00,602.00,537.00,31.00,23.00,25.00,214.00,11.00,14.00,111.00,103.00
27,2020-03-17,A,6.00,152.00,2.00,,,,,,,1.00,55.00,,,,
27,2020-03-17,B,59.00,394.00,5.00,,,,,,,20.00,94.00,,,,
27,2020-03-17,C,35.00,250.00,10.00,,,,,,,3.00,42.00,,,,
27,2020-03-17,D,15.00,119.00,11.00,,,,,,,,14.00,,,,
27,2020-03-17,E,36.00,224.00,26.00,,,,,,,1.00,9.00,,,,
28,2020-03-17,0,54.00,1298.00,8.00,12.00,42.00,685.00,613.00,3.00,5.00,32.00,379.00,16.00,16.00,159.00,220.00
28,2020-03-17,A,1.00,229.00,1.00,,,,,,,8.00,103.00,,,,
28,2020-03-17,B,29.00,487.00,1.00,,,,,,,18.00,176.00,,,,
28,2020-03-17,C,21.00,280.00,4.00,,,,,,,5.00,66.00,,,,
28,2020-03-17,D,,99.00,,,,,,,,1.00,15.00,,,,
28,2020-03-17,E,3.00,203.00,2.00,,,,,,,,19.00,,,,
32,2020-03-17,0,99.00,1861.00,42.00,40.00,59.00,1008.00,853.00,18.00,24.00,75.00,980.00,29.00,46.00,465.00,515.00
32,2020-03-17,A,3.00,396.00,,,,,,,,22.00,297.00,,,,
32,2020-03-17,B,29.00,604.00,7.00,,,,,,,42.00,499.00,,,,
32,2020-03-17,C,34.00,383.00,11.00,,,,,,,11.00,126.00,,,,
32,2020-03-17,D,12.00,176.00,6.00,,,,,,,,26.00,,,,
32,2020-03-17,E,21.00,302.00,18.00,,,,,,,,27.00,,,,
44,2020-03-17,0,259.00,2156.00,102.00,108.00,151.00,1090.00,1066.00,65.00,37.00,65.00,776.00,30.00,34.00,356.00,418.00
44,2020-03-17,A,6.00,342.00,3.00,,,,,,,6.00,199.00,,,,
44,2020-03-17,B,84.00,656.00,7.00,,,,,,,34.00,376.00,,,,
44,2020-03-17,C,81.00,514.00,25.00,,,,,,,17.00,111.00,,,,
44,2020-03-17,D,38.00,253.00,25.00,,,,,,,5.00,46.00,,,,
44,2020-03-17,E,50.00,391.00,42.00,,,,,,,3.00,43.00,,,,
52,2020-03-17,0,86.00,1025.00,26.00,27.00,59.00,514.00,511.00,10.00,16.00,65.00,459.00,25.00,39.00,207.00,250.00
52,2020-03-17,A,1.00,205.00,,,,,,,,16.00,142.00,,,,
52,2020-03-17,B,36.00,339.00,7.00,,,,,,,37.00,168.00,,,,
52,2020-03-17,C,31.00,216.00,7.00,,,,,,,9.00,81.00,,,,
52,2020-03-17,D,10.00,113.00,5.00,,,,,,,1.00,20.00,,,,
52,2020-03-17,E,8.00,152.00,7.00,,,,,,,1.00,46.00,,,,
53,2020-03-17,0,91.00,1271.00,20.00,37.00,54.00,658.00,613.00,10.00,10.00,17.00,374.00,9.00,8.00,168.00,206.00
53,2020-03-17,A,8.00,237.00,1.00,,,,,,,8.00,106.00,,,,
53,2020-03-17,B,46.00,417.00,6.00,,,,,,,8.00,175.00,,,,
53,2020-03-17,C,23.00,266.00,5.00,,,,,,,1.00,51.00,,,,
53,2020-03-17,D,7.00,132.00,2.00,,,,,,,,14.00,,,,
53,2020-03-17,E,7.00,219.00,6.00,,,,,,,,28.00,,,,
75,2020-03-17,0,169.00,2209.00,37.00,62.00,107.00,1176.00,1033.00,22.00,15.00,162.00,1244.00,61.00,101.00,537.00,707.00
75,2020-03-17,A,6.00,330.00,4.00,,,,,,,31.00,330.00,,,,
75,2020-03-17,B,89.00,733.00,7.00,,,,,,,93.00,559.00,,,,
75,2020-03-17,C,37.00,449.00,8.00,,,,,,,23.00,217.00,,,,
75,2020-03-17,D,17.00,221.00,5.00,,,,,,,6.00,52.00,,,,
75,2020-03-17,E,20.00,476.00,13.00,,,,,,,9.00,86.00,,,,
76,2020-03-17,0,114.00,2117.00,52.00,55.00,59.00,1110.00,1007.00,29.00,23.00,26.00,388.00,10.00,16.00,162.00,226.00
76,2020-03-17,A,19.00,368.00,8.00,,,,,,,8.00,126.00,,,,
76,2020-03-17,B,34.00,750.00,6.00,,,,,,,14.00,164.00,,,,
76,2020-03-17,C,26.00,479.00,10.00,,,,,,,3.00,47.00,,,,
76,2020-03-17,D,13.00,190.00,10.00,,,,,,,1.00,25.00,,,,
76,2020-03-17,E,22.00,330.00,18.00,,,,,,,,26.00,,,,
84,2020-03-17,0,154.00,2910.00,62.00,69.00,85.00,1527.00,1383.00,31.00,31.00,117.00,893.00,47.00,70.00,379.00,512.00
84,2020-03-17,A,4.00,524.00,2.00,,,,,,,10.00,207.00,,,,
84,2020-03-17,B,62.00,1064.00,12.00,,,,,,,75.00,405.00,,,,
84,2020-03-17,C,38.00,614.00,13.00,,,,,,,23.00,143.00,,,,
84,2020-03-17,D,19.00,254.00,10.00,,,,,,,4.00,48.00,,,,
84,2020-03-17,E,31.00,454.00,25.00,,,,,,,5.00,90.00,,,,
93,2020-03-17,0,119.00,2426.00,58.00,49.00,70.00,1294.00,1131.00,29.00,29.00,135.00,758.00,66.00,69.00,326.00,432.00
93,2020-03-17,A,6.00,468.00,4.00,,,,,,,42.00,252.00,,,,
93,2020-03-17,B,39.00,787.00,9.00,,,,,,,61.00,291.00,,,,
93,2020-03-17,C,44.00,573.00,19.00,,,,,,,18.00,114.00,,,,
93,2020-03-17,D,8.00,213.00,7.00,,,,,,,9.00,43.00,,,,
93,2020-03-17,E,22.00,385.00,19.00,,,,,,,5.00,58.00,,,,
94,2020-03-17,0,34.00,124.00,33.00,12.00,22.00,62.00,62.00,12.00,21.00,1.00,29.00,1.00,,19.00,10.00
94,2020-03-17,A,4.00,17.00,4.00,,,,,,,,7.00,,,,
94,2020-03-17,B,15.00,40.00,14.00,,,,,,,,9.00,,,,
94,2020-03-17,C,10.00,35.00,10.00,,,,,,,,7.00,,,,
94,2020-03-17,D,3.00,12.00,3.00,,,,,,,,2.00,,,,
94,2020-03-17,E,2.00,20.00,2.00,,,,,,,1.00,4.00,,,,
01,2020-03-18,0,,154.00,,,,76.00,78.00,,,,,,,,
01,2020-03-18,A,,41.00,,,,,,,,,,,,,
01,2020-03-18,B,,51.00,,,,,,,,,,,,,
01,2020-03-18,C,,28.00,,,,,,,,,,,,,
01,2020-03-18,D,,16.00,,,,,,,,,,,,,
01,2020-03-18,E,,18.00,,,,,,,,,,,,,
02,2020-03-18,0,,,,,,,,,,,123.00,,,52.00,71.00
02,2020-03-18,A,,,,,,,,,,,28.00,,,,
02,2020-03-18,B,,,,,,,,,,,36.00,,,,
02,2020-03-18,C,,,,,,,,,,,26.00,,,,
02,2020-03-18,D,,,,,,,,,,,10.00,,,,
02,2020-03-18,E,,,,,,,,,,,23.00,,,,
03,2020-03-18,0,1.00,195.00,,1.00,,102.00,93.00,,,,,,,,
03,2020-03-18,A,,51.00,,,,,,,,,,,,,
03,2020-03-18,B,1.00,86.00,,,,,,,,,,,,,
03,2020-03-18,C,,40.00,,,,,,,,,,,,,
03,2020-03-18,D,,11.00,,,,,,,,,,,,,
03,2020-03-18,E,,7.00,,,,,,,,,,,,,
04,2020-03-18,0,,347.00,,,,191.00,156.00,,,,,,,,
04,2020-03-18,A,,74.00,,,,,,,,,,,,,
04,2020-03-18,B,,112.00,,,,,,,,,,,,,
04,2020-03-18,C,,80.00,,,,,,,,,,,,,
04,2020-03-18,D,,42.00,,,,,,,,,,,,,
04,2020-03-18,E,,39.00,,,,,,,,,,,,,
06,2020-03-18,0,4.00,103.00,,2.00,2.00,56.00,47.00,,,,,,,,
06,2020-03-18,A,,29.00,,,,,,,,,,,,,
06,2020-03-18,B,3.00,39.00,,,,,,,,,,,,,
06,2020-03-18,C,1.00,21.00,,,,,,,,,,,,,
06,2020-03-18,D,,12.00,,,,,,,,,,,,,
06,2020-03-18,E,,2.00,,,,,,,,,,,,,
07,2020-03-18,0,,11.00,,,,5.00,6.00,,,,,,,,
07,2020-03-18,A,,1.00,,,,,,,,,,,,,
07,2020-03-18,B,,4.00,,,,,,,,,,,,,
07,2020-03-18,C,,5.00,,,,,,,,,,,,,
07,2020-03-18,D,,,,,,,,,,,,,,,
07,2020-03-18,E,,1.00,,,,,,,,,,,,,
08,2020-03-18,0,,10.00,,,,7.00,3.00,,,,,,,,
08,2020-03-18,A,,2.00,,,,,,,,,,,,,
08,2020-03-18,B,,4.00,,,,,,,,,,,,,
08,2020-03-18,C,,2.00,,,,,,,,,,,,,
08,2020-03-18,D,,1.00,,,,,,,,,,,,,
08,2020-03-18,E,,1.00,,,,,,,,,,,,,
11,2020-03-18,0,769.00,5190.00,182.00,389.00,380.00,2753.00,2434.00,106.00,76.00,255.00,1655.00,129.00,126.00,753.00,900.00
11,2020-03-18,A,7.00,837.00,2.00,,,,,,,30.00,391.00,,,,
11,2020-03-18,B,365.00,2157.00,34.00,,,,,,,136.00,682.00,,,,
11,2020-03-18,C,253.00,1256.00,63.00,,,,,,,65.00,362.00,,,,
11,2020-03-18,D,67.00,395.00,26.00,,,,,,,16.00,85.00,,,,
11,2020-03-18,E,77.00,545.00,57.00,,,,,,,8.00,134.00,,,,
24,2020-03-18,0,37.00,930.00,5.00,10.00,27.00,487.00,443.00,3.00,2.00,19.00,332.00,4.00,15.00,152.00,180.00
24,2020-03-18,A,2.00,177.00,,,,,,,,,60.00,,,,
24,2020-03-18,B,21.00,322.00,1.00,,,,,,,14.00,182.00,,,,
24,2020-03-18,C,12.00,192.00,3.00,,,,,,,4.00,50.00,,,,
24,2020-03-18,D,1.00,87.00,1.00,,,,,,,1.00,12.00,,,,
24,2020-03-18,E,1.00,152.00,,,,,,,,,23.00,,,,
27,2020-03-18,0,178.00,1172.00,65.00,71.00,107.00,602.00,570.00,33.00,32.00,43.00,230.00,20.00,23.00,114.00,116.00
27,2020-03-18,A,12.00,163.00,2.00,,,,,,,5.00,47.00,,,,
27,2020-03-18,B,72.00,396.00,9.00,,,,,,,28.00,116.00,,,,
27,2020-03-18,C,48.00,272.00,22.00,,,,,,,6.00,42.00,,,,
27,2020-03-18,D,23.00,131.00,17.00,,,,,,,1.00,14.00,,,,
27,2020-03-18,E,23.00,209.00,15.00,,,,,,,3.00,11.00,,,,
28,2020-03-18,0,98.00,1337.00,15.00,36.00,62.00,697.00,640.00,9.00,6.00,42.00,325.00,19.00,23.00,150.00,175.00
28,2020-03-18,A,,265.00,,,,,,,,5.00,87.00,,,,
28,2020-03-18,B,48.00,442.00,1.00,,,,,,,24.00,152.00,,,,
28,2020-03-18,C,34.00,280.00,4.00,,,,,,,9.00,44.00,,,,
28,2020-03-18,D,6.00,122.00,3.00,,,,,,,2.00,22.00,,,,
28,2020-03-18,E,10.00,228.00,7.00,,,,,,,2.00,19.00,,,,
32,2020-03-18,0,133.00,1853.00,52.00,72.00,61.00,969.00,884.00,35.00,17.00,68.00,921.00,36.00,32.00,433.00,488.00
32,2020-03-18,A,8.00,385.00,3.00,,,,,,,8.00,270.00,,,,
32,2020-03-18,B,48.00,650.00,7.00,,,,,,,35.00,428.00,,,,
32,2020-03-18,C,33.00,363.00,15.00,,,,,,,20.00,139.00,,,,
32,2020-03-18,D,16.00,173.00,6.00,,,,,,,3.00,30.00,,,,
32,2020-03-18,E,28.00,281.00,21.00,,,,,,,2.00,46.00,,,,
44,2020-03-18,0,346.00,2273.00,148.00,150.00,196.00,1128.00,1145.00,83.00,65.00,67.00,757.00,30.00,36.00,329.00,426.00
44,2020-03-18,A,6.00,391.00,,,,,,,,3.00,166.00,,,,
44,2020-03-18,B,129.00,720.00,16.00,,,,,,,38.00,338.00,,,,
44,2020-03-18,C,105.00,503.00,47.00,,,,,,,17.00,133.00,,,,
44,2020-03-18,D,52.00,268.00,36.00,,,,,,,4.00,50.00,,,,
44,2020-03-18,E,54.00,391.00,49.00,,,,,,,5.00,70.00,,,,
52,2020-03-18,0,62.00,1068.00,20.00,23.00,39.00,572.00,496.00,10.00,10.00,72.00,497.00,32.00,40.00,216.00,281.00
52,2020-03-18,A,,189.00,,,,,,,,14.00,155.00,,,,
52,2020-03-18,B,30.00,331.00,3.00,,,,,,,38.00,191.00,,,,
52,2020-03-18,C,17.00,246.00,6.00,,,,,,,15.00,76.00,,,,
52,2020-03-18,D,6.00,106.00,4.00,,,,,,,2.00,28.00,,,,
52,2020-03-18,E,9.00,196.00,7.00,,,,,,,2.00,42.00,,,,
53,2020-03-18,0,104.00,1276.00,14.00,34.00,70.00,631.00,645.00,8.00,6.00,22.00,375.00,12.00,10.00,170.00,205.00
53,2020-03-18,A,7.00,241.00,,,,,,,,8.00,102.00,,,,
53,2020-03-18,B,48.00,398.00,,,,,,,,10.00,168.00,,,,
53,2020-03-18,C,28.00,265.00,1.00,,,,,,,1.00,55.00,,,,
53,2020-03-18,D,9.00,139.00,6.00,,,,,,,1.00,23.00,,,,
53,2020-03-18,E,12.00,233.00,7.00,,,,,,,2.00,27.00,,,,
75,2020-03-18,0,158.00,2194.00,28.00,62.00,96.00,1156.00,1038.00,15.00,13.00,149.00,1211.00,67.00,82.00,501.00,710.00
75,2020-03-18,A,7.00,334.00,3.00,,,,,,,15.00,284.00,,,,
75,2020-03-18,B,76.00,696.00,4.00,,,,,,,95.00,536.00,,,,
75,2020-03-18,C,42.00,481.00,5.00,,,,,,,25.00,220.00,,,,
75,2020-03-18,D,15.00,247.00,5.00,,,,,,,7.00,64.00,,,,
75,2020-03-18,E,18.00,436.00,11.00,,,,,,,7.00,106.00,,,,
76,2020-03-18,0,129.00,2088.00,46.00,56.00,73.00,1085.00,1003.00,20.00,26.00,53.00,399.00,28.00,25.00,175.00,224.00
76,2020-03-18,A,33.00,363.00,8.00,,,,,,,6.00,99.00,,,,
76,2020-03-18,B,34.00,677.00,8.00,,,,,,,32.00,179.00,,,,
76,2020-03-18,C,34.00,474.00,9.00,,,,,,,9.00,62.00,,,,
76,2020-03-18,D,10.00,193.00,8.00,,,,,,,4.00,30.00,,,,
76,2020-03-18,E,18.00,381.00,13.00,,,,,,,2.00,29.00,,,,
84,2020-03-18,0,165.00,2836.00,57.00,83.00,82.00,1502.00,1334.00,34.00,23.00,152.00,811.00,63.00,88.00,332.00,472.00
84,2020-03-18,A,6.00,531.00,1.00,,,,,,,17.00,162.00,,,,
84,2020-03-18,B,69.00,978.00,8.00,,,,,,,75.00,362.00,,,,
84,2020-03-18,C,48.00,613.00,16.00,,,,,,,39.00,147.00,,,,
84,2020-03-18,D,13.00,261.00,7.00,,,,,,,11.00,61.00,,,,
84,2020-03-18,E,29.00,453.00,25.00,,,,,,,10.00,77.00,,,,
93,2020-03-18,0,146.00,2354.00,56.00,63.00,83.00,1218.00,1136.00,29.00,27.00,101.00,715.00,42.00,59.00,312.00,403.00
93,2020-03-18,A,5.00,399.00,4.00,,,,,,,27.00,221.00,,,,
93,2020-03-18,B,64.00,818.00,12.00,,,,,,,46.00,256.00,,,,
93,2020-03-18,C,37.00,525.00,13.00,,,,,,,20.00,126.00,,,,
93,2020-03-18,D,14.00,215.00,10.00,,,,,,,5.00,49.00,,,,
93,2020-03-18,E,26.00,397.00,17.00,,,,,,,3.00,63.00,,,,
94,2020-03-18,0,27.00,120.00,27.00,12.00,15.00,69.00,51.00,12.00,15.00,10.00,43.00,5.00,5.00,21.00,22.00
94,2020-03-18,A,3.00,11.00,3.00,,,,,,,2.00,15.00,,,,
94,2020-03-18,B,12.00,45.00,12.00,,,,,,,6.00,20.00,,,,
94,2020-03-18,C,8.00,37.00,8.00,,,,,,,2.00,6.00,,,,
94,2020-03-18,D,1.00,11.00,1.00,,,,,,,,1.00,,,,
94,2020-03-18,E,3.00,16.00,3.00,,,,,,,,1.00,,,,
01,2020-03-19,0,1.00,118.00,1.00,1.00,,56.00,62.00,1.00,,,,,,,
01,2020-03-19,A,,29.00,,,,,,,,,,,,,
01,2020-03-19,B,,41.00,,,,,,,,,,,,,
01,2020-03-19,C,1.00,25.00,1.00,,,,,,,,,,,,
01,2020-03-19,D,,6.00,,,,,,,,,,,,,
01,2020-03-19,E,,17.00,,,,,,,,,,,,,
02,2020-03-19,0,,,,,,,,,,,113.00,,,43.00,70.00
02,2020-03-19,A,,,,,,,,,,,25.00,,,,
02,2020-03-19,B,,,,,,,,,,,32.00,,,,
02,2020-03-19,C,,,,,,,,,,,25.00,,,,
02,2020-03-19,D,,,,,,,,,,,10.00,,,,
02,2020-03-19,E,,,,,,,,,,,21.00,,,,
03,2020-03-19,0,,171.00,,,,84.00,87.00,,,,,,,,
03,2020-03-19,A,,46.00,,,,,,,,,,,,,
03,2020-03-19,B,,84.00,,,,,,,,,,,,,
03,2020-03-19,C,,31.00,,,,,,,,,,,,,
03,2020-03-19,D,,7.00,,,,,,,,,,,,,
03,2020-03-19,E,,3.00,,,,,,,,,,,,,
04,2020-03-19,0,1.00,349.00,1.00,,1.00,175.00,174.00,,1.00,,,,,,
04,2020-03-19,A,,73.00,,,,,,,,,,,,,
04,2020-03-19,B,1.00,116.00,1.00,,,,,,,,,,,,
04,2020-03-19,C,,81.00,,,,,,,,,,,,,
04,2020-03-19,D,,35.00,,,,,,,,,,,,,
04,2020-03-19,E,,44.00,,,,,,,,,,,,,
06,2020-03-19,0,2.00,103.00,,1.00,1.00,63.00,40.00,,,,,,,,
06,2020-03-19,A,,34.00,,,,,,,,,,,,,
06,2020-03-19,B,,46.00,,,,,,,,,,,,,
06,2020-03-19,C,1.00,15.00,,,,,,,,,,,,,
06,2020-03-19,D,1.00,8.00,,,,,,,,,,,,,
06,2020-03-19,E,,,,,,,,,,,,,,,
07,2020-03-19,0,,7.00,,,,3.00,4.00,,,,,,,,
07,2020-03-19,A,,1.00,,,,,,,,,,,,,
07,2020-03-19,B,,2.00,,,,,,,,,,,,,
07,2020-03-19,C,,4.00,,,,,,,,,,,,,
07,2020-03-19,D,,,,,,,,,,,,,,,
07,2020-03-19,E,,,,,,,,,,,,,,,
08,2020-03-19,0,,11.00,,,,5.00,6.00,,,,,,,,
08,2020-03-19,A,,4.00,,,,,,,,,,,,,
08,2020-03-19,B,,2.00,,,,,,,,,,,,,
08,2020-03-19,C,,4.00,,,,,,,,,,,,,
08,2020-03-19,D,,1.00,,,,,,,,,,,,,
08,2020-03-19,E,,,,,,,,,,,,,,,
11,2020-03-19,0,861.00,4900.00,271.00,406.00,455.00,2647.00,2252.00,155.00,116.00,273.00,1510.00,126.00,147.00,661.00,846.00
11,2020-03-19,A,8.00,734.00,1.00,,,,,,,21.00,360.00,,,,
11,2020-03-19,B,389.00,1997.00,48.00,,,,,,,153.00,613.00,,,,
11,2020-03-19,C,278.00,1246.00,104.00,,,,,,,70.00,329.00,,,,
11,2020-03-19,D,95.00,421.00,57.00,,,,,,,17.00,92.00,,,,
11,2020-03-19,E,91.00,502.00,61.00,,,,,,,12.00,116.00,,,,
24,2020-03-19,0,40.00,836.00,13.00,16.00,24.00,418.00,418.00,10.00,3.00,17.00,230.00,8.00,9.00,100.00,130.00
24,2020-03-19,A,1.00,146.00,,,,,,,,,49.00,,,,
24,2020-03-19,B,17.00,283.00,3.00,,,,,,,13.00,120.00,,,,
24,2020-03-19,C,14.00,188.00,3.00,,,,,,,4.00,36.00,,,,
24,2020-03-19,D,3.00,79.00,3.00,,,,,,,,11.00,,,,
24,2020-03-19,E,5.00,140.00,4.00,,,,,,,,13.00,,,,
27,2020-03-19,0,186.00,1157.00,66.00,75.00,111.00,596.00,561.00,34.00,32.00,48.00,235.00,21.00,27.00,99.00,136.00
27,2020-03-19,A,5.00,144.00,1.00,,,,,,,5.00,39.00,,,,
27,2020-03-19,B,74.00,374.00,11.00,,,,,,,31.00,106.00,,,,
27,2020-03-19,C,64.00,288.00,22.00,,,,,,,11.00,57.00,,,,
27,2020-03-19,D,15.00,121.00,13.00,,,,,,,,16.00,,,,
27,2020-03-19,E,28.00,230.00,19.00,,,,,,,1.00,17.00,,,,
28,2020-03-19,0,89.00,1238.00,9.00,37.00,52.00,650.00,587.00,6.00,3.00,53.00,407.00,26.00,27.00,176.00,231.00
28,2020-03-19,A,2.00,229.00,,,,,,,,10.00,113.00,,,,
28,2020-03-19,B,52.00,454.00,2.00,,,,,,,29.00,190.00,,,,
28,2020-03-19,C,30.00,254.00,5.00,,,,,,,12.00,68.00,,,,
28,2020-03-19,D,5.00,116.00,2.00,,,,,,,1.00,14.00,,,,
28,2020-03-19,E,,185.00,,,,,,,,1.00,22.00,,,,
32,2020-03-19,0,150.00,1751.00,49.00,66.00,84.00,936.00,815.00,31.00,18.00,96.00,811.00,37.00,59.00,384.00,427.00
32,2020-03-19,A,22.00,355.00,,,,,,,,15.00,219.00,,,,
32,2020-03-19,B,50.00,630.00,4.00,,,,,,,59.00,410.00,,,,
32,2020-03-19,C,34.00,331.00,16.00,,,,,,,15.00,102.00,,,,
32,2020-03-19,D,13.00,161.00,10.00,,,,,,,4.00,33.00,,,,
32,2020-03-19,E,31.00,274.00,19.00,,,,,,,1.00,39.00,,,,
44,2020-03-19,0,265.00,2065.00,146.00,136.00,129.00,1069.00,996.00,92.00,54.00,79.00,757.00,47.00,32.00,358.00,398.00
44,2020-03-19,A,3.00,322.00,2.00,,,,,,,4.00,165.00,,,,
44,2020-03-19,B,70.00,596.00,10.00,,,,,,,49.00,357.00,,,,
44,2020-03-19,C,99.00,501.00,51.00,,,,,,,13.00,130.00,,,,
44,2020-03-19,D,39.00,253.00,32.00,,,,,,,7.00,42.00,,,,
44,2020-03-19,E,54.00,393.00,51.00,,,,,,,5.00,60.00,,,,
52,2020-03-19,0,84.00,994.00,28.00,33.00,51.00,522.00,471.00,16.00,12.00,71.00,462.00,30.00,41.00,216.00,246.00
52,2020-03-19,A,,189.00,,,,,,,,19.00,128.00,,,,
52,2020-03-19,B,32.00,314.00,4.00,,,,,,,28.00,185.00,,,,
52,2020-03-19,C,27.00,230.00,11.00,,,,,,,13.00,66.00,,,,
52,2020-03-19,D,15.00,104.00,6.00,,,,,,,6.00,31.00,,,,
52,2020-03-19,E,10.00,157.00,7.00,,,,,,,5.00,50.00,,,,
53,2020-03-19,0,80.00,1274.00,25.00,32.00,48.00,621.00,653.00,11.00,14.00,22.00,370.00,12.00,10.00,162.00,208.00
53,2020-03-19,A,5.00,195.00,,,,,,,,6.00,92.00,,,,
53,2020-03-19,B,30.00,401.00,6.00,,,,,,,10.00,158.00,,,,
53,2020-03-19,C,19.00,294.00,3.00,,,,,,,4.00,77.00,,,,
53,2020-03-19,D,12.00,152.00,6.00,,,,,,,,18.00,,,,
53,2020-03-19,E,14.00,232.00,10.00,,,,,,,2.00,25.00,,,,
75,2020-03-19,0,153.00,2038.00,43.00,62.00,91.00,1039.00,999.00,25.00,18.00,159.00,1100.00,64.00,95.00,456.00,644.00
75,2020-03-19,A,9.00,323.00,5.00,,,,,,,24.00,265.00,,,,
75,2020-03-19,B,60.00,643.00,7.00,,,,,,,94.00,497.00,,,,
75,2020-03-19,C,52.00,437.00,12.00,,,,,,,31.00,177.00,,,,
75,2020-03-19,D,5.00,220.00,3.00,,,,,,,6.00,69.00,,,,
75,2020-03-19,E,27.00,415.00,16.00,,,,,,,4.00,91.00,,,,
76,2020-03-19,0,115.00,1990.00,37.00,51.00,64.00,980.00,1010.00,23.00,14.00,48.00,347.00,21.00,27.00,142.00,205.00
76,2020-03-19,A,24.00,298.00,7.00,,,,,,,13.00,101.00,,,,
76,2020-03-19,B,32.00,655.00,3.00,,,,,,,27.00,154.00,,,,
76,2020-03-19,C,32.00,478.00,8.00,,,,,,,4.00,49.00,,,,
76,2020-03-19,D,10.00,191.00,6.00,,,,,,,1.00,24.00,,,,
76,2020-03-19,E,17.00,368.00,13.00,,,,,,,3.00,19.00,,,,
84,2020-03-19,0,159.00,2711.00,82.00,71.00,88.00,1404.00,1307.00,46.00,36.00,110.00,742.00,50.00,60.00,316.00,425.00
84,2020-03-19,A,,479.00,,,,,,,,7.00,170.00,,,,
84,2020-03-19,B,61.00,919.00,15.00,,,,,,,61.00,311.00,,,,
84,2020-03-19,C,34.00,605.00,14.00,,,,,,,27.00,124.00,,,,
84,2020-03-19,D,27.00,251.00,18.00,,,,,,,7.00,56.00,,,,
84,2020-03-19,E,37.00,457.00,35.00,,,,,,,8.00,81.00,,,,
93,2020-03-19,0,139.00,2181.00,70.00,59.00,80.00,1134.00,1047.00,33.00,37.00,153.00,788.00,61.00,92.00,317.00,471.00
93,2020-03-19,A,6.00,376.00,2.00,,,,,,,33.00,233.00,,,,
93,2020-03-19,B,56.00,744.00,18.00,,,,,,,74.00,296.00,,,,
93,2020-03-19,C,38.00,506.00,18.00,,,,,,,29.00,140.00,,,,
93,2020-03-19,D,15.00,228.00,11.00,,,,,,,8.00,41.00,,,,
93,2020-03-19,E,24.00,327.00,21.00,,,,,,,9.00,78.00,,,,
94,2020-03-19,0,39.00,138.00,39.00,18.00,21.00,70.00,68.00,18.00,21.00,9.00,38.00,5.00,4.00,17.00,21.00
94,2020-03-19,A,8.00,19.00,8.00,,,,,,,1.00,11.00,,,,
94,2020-03-19,B,14.00,42.00,14.00,,,,,,,4.00,18.00,,,,
94,2020-03-19,C,12.00,41.00,12.00,,,,,,,3.00,6.00,,,,
94,2020-03-19,D,2.00,14.00,2.00,,,,,,,,2.00,,,,
94,2020-03-19,E,3.00,22.00,3.00,,,,,,,1.00,1.00,,,,
01,2020-03-20,0,1.00,155.00,,1.00,,63.00,91.00,,,,,,,,
01,2020-03-20,A,,28.00,,,,,,,,,,,,,
01,2020-03-20,B,1.00,66.00,,,,,,,,,,,,,
01,2020-03-20,C,,31.00,,,,,,,,,,,,,
01,2020-03-20,D,,15.00,,,,,,,,,,,,,
01,2020-03-20,E,,15.00,,,,,,,,,,,,,
02,2020-03-20,0,,,,,,,,,,,104.00,,,40.00,64.00
02,2020-03-20,A,,,,,,,,,,,18.00,,,,
02,2020-03-20,B,,,,,,,,,,,27.00,,,,
02,2020-03-20,C,,,,,,,,,,,30.00,,,,
02,2020-03-20,D,,,,,,,,,,,9.00,,,,
02,2020-03-20,E,,,,,,,,,,,20.00,,,,
03,2020-03-20,0,,148.00,,,,72.00,76.00,,,,,,,,
03,2020-03-20,A,,29.00,,,,,,,,,,,,,
03,2020-03-20,B,,76.00,,,,,,,,,,,,,
03,2020-03-20,C,,27.00,,,,,,,,,,,,,
03,2020-03-20,D,,9.00,,,,,,,,,,,,,
03,2020-03-20,E,,7.00,,,,,,,,,,,,,
04,2020-03-20,0,,313.00,,,,166.00,147.00,,,,,,,,
04,2020-03-20,A,,73.00,,,,,,,,,,,,,
04,2020-03-20,B,,101.00,,,,,,,,,,,,,
04,2020-03-20,C,,71.00,,,,,,,,,,,,,
04,2020-03-20,D,,31.00,,,,,,,,,,,,,
04,2020-03-20,E,,37.00,,,,,,,,,,,,,
06,2020-03-20,0,1.00,73.00,1.00,,1.00,33.00,40.00,,1.00,,,,,,
06,2020-03-20,A,,23.00,,,,,,,,,,,,,
06,2020-03-20,B,,31.00,,,,,,,,,,,,,
06,2020-03-20,C,1.00,14.00,1.00,,,,,,,,,,,,
06,2020-03-20,D,,2.00,,,,,,,,,,,,,
06,2020-03-20,E,,3.00,,,,,,,,,,,,,
07,2020-03-20,0,,12.00,,,,4.00,8.00,,,,,,,,
07,2020-03-20,A,,,,,,,,,,,,,,,
07,2020-03-20,B,,7.00,,,,,,,,,,,,,
07,2020-03-20,C,,4.00,,,,,,,,,,,,,
07,2020-03-20,D,,1.00,,,,,,,,,,,,,
07,2020-03-20,E,,,,,,,,,,,,,,,
08,2020-03-20,0,1.00,10.00,,,1.00,7.00,3.00,,,,,,,,
08,2020-03-20,A,,3.00,,,,,,,,,,,,,
08,2020-03-20,B,1.00,4.00,,,,,,,,,,,,,
08,2020-03-20,C,,1.00,,,,,,,,,,,,,
08,2020-03-20,D,,,,,,,,,,,,,,,
08,2020-03-20,E,,2.00,,,,,,,,,,,,,
11,2020-03-20,0,986.00,5029.00,301.00,501.00,485.00,2711.00,2318.00,182.00,119.00,287.00,1371.00,125.00,162.00,611.00,758.00
11,2020-03-20,A,16.00,726.00,1.00,,,,,,,22.00,288.00,,,,
11,2020-03-20,B,423.00,2119.00,48.00,,,,,,,145.00,561.00,,,,
11,2020-03-20,C,353.00,1302.00,120.00,,,,,,,86.00,285.00,,,,
11,2020-03-20,D,98.00,388.00,54.00,,,,,,,20.00,97.00,,,,
11,2020-03-20,E,96.00,494.00,78.00,,,,,,,14.00,140.00,,,,
24,2020-03-20,0,51.00,930.00,16.00,22.00,29.00,483.00,447.00,11.00,5.00,15.00,246.00,10.00,5.00,121.00,125.00
24,2020-03-20,A,1.00,154.00,,,,,,,,,38.00,,,,
24,2020-03-20,B,17.00,288.00,3.00,,,,,,,11.00,133.00,,,,
24,2020-03-20,C,18.00,209.00,5.00,,,,,,,3.00,51.00,,,,
24,2020-03-20,D,5.00,81.00,2.00,,,,,,,,11.00,,,,
24,2020-03-20,E,10.00,198.00,6.00,,,,,,,1.00,13.00,,,,
27,2020-03-20,0,224.00,1194.00,97.00,99.00,125.00,604.00,590.00,54.00,43.00,35.00,195.00,15.00,20.00,90.00,105.00
27,2020-03-20,A,5.00,143.00,2.00,,,,,,,3.00,37.00,,,,
27,2020-03-20,B,81.00,409.00,15.00,,,,,,,22.00,103.00,,,,
27,2020-03-20,C,53.00,252.00,15.00,,,,,,,5.00,30.00,,,,
27,2020-03-20,D,34.00,150.00,20.00,,,,,,,2.00,7.00,,,,
27,2020-03-20,E,51.00,240.00,45.00,,,,,,,3.00,16.00,,,,
28,2020-03-20,0,60.00,1095.00,12.00,23.00,37.00,551.00,544.00,6.00,6.00,73.00,337.00,29.00,44.00,166.00,171.00
28,2020-03-20,A,5.00,201.00,,,,,,,,11.00,90.00,,,,
28,2020-03-20,B,22.00,348.00,3.00,,,,,,,48.00,151.00,,,,
28,2020-03-20,C,20.00,229.00,,,,,,,,9.00,52.00,,,,
28,2020-03-20,D,6.00,112.00,5.00,,,,,,,4.00,20.00,,,,
28,2020-03-20,E,7.00,205.00,4.00,,,,,,,1.00,24.00,,,,
32,2020-03-20,0,167.00,1663.00,58.00,83.00,84.00,823.00,839.00,32.00,26.00,103.00,775.00,44.00,59.00,353.00,422.00
32,2020-03-20,A,12.00,299.00,3.00,,,,,,,9.00,192.00,,,,
32,2020-03-20,B,53.00,554.00,7.00,,,,,,,65.00,400.00,,,,
32,2020-03-20,C,45.00,350.00,15.00,,,,,,,25.00,120.00,,,,
32,2020-03-20,D,26.00,169.00,12.00,,,,,,,2.00,27.00,,,,
32,2020-03-20,E,31.00,291.00,21.00,,,,,,,1.00,34.00,,,,
44,2020-03-20,0,464.00,2060.00,212.00,196.00,268.00,1014.00,1046.00,119.00,93.00,94.00,717.00,40.00,54.00,322.00,395.00
44,2020-03-20,A,4.00,242.00,1.00,,,,,,,4.00,126.00,,,,
44,2020-03-20,B,145.00,614.00,25.00,,,,,,,58.00,340.00,,,,
44,2020-03-20,C,145.00,533.00,58.00,,,,,,,24.00,121.00,,,,
44,2020-03-20,D,68.00,255.00,41.00,,,,,,,4.00,55.00,,,,
44,2020-03-20,E,102.00,416.00,87.00,,,,,,,4.00,74.00,,,,
52,2020-03-20,0,80.00,1094.00,41.00,40.00,40.00,566.00,528.00,22.00,19.00,70.00,459.00,30.00,40.00,192.00,267.00
52,2020-03-20,A,,179.00,,,,,,,,16.00,123.00,,,,
52,2020-03-20,B,31.00,360.00,8.00,,,,,,,35.00,182.00,,,,
52,2020-03-20,C,22.00,250.00,12.00,,,,,,,12.00,69.00,,,,
52,2020-03-20,D,12.00,109.00,7.00,,,,,,,2.00,17.00,,,,
52,2020-03-20,E,15.00,196.00,14.00,,,,,,,4.00,67.00,,,,
53,2020-03-20,0,78.00,1280.00,16.00,30.00,48.00,633.00,647.00,10.00,6.00,24.00,326.00,14.00,10.00,151.00,175.00
53,2020-03-20,A,6.00,225.00,1.00,,,,,,,4.00,65.00,,,,
53,2020-03-20,B,32.00,422.00,4.00,,,,,,,15.00,140.00,,,,
53,2020-03-20,C,22.00,289.00,7.00,,,,,,,2.00,63.00,,,,
53,2020-03-20,D,6.00,105.00,,,,,,,,1.00,15.00,,,,
53,2020-03-20,E,12.00,239.00,4.00,,,,,,,2.00,43.00,,,,
75,2020-03-20,0,164.00,2106.00,60.00,65.00,99.00,1077.00,1029.00,26.00,34.00,170.00,1091.00,71.00,99.00,473.00,618.00
75,2020-03-20,A,8.00,304.00,2.00,,,,,,,33.00,267.00,,,,
75,2020-03-20,B,66.00,624.00,10.00,,,,,,,94.00,453.00,,,,
75,2020-03-20,C,46.00,443.00,14.00,,,,,,,31.00,188.00,,,,
75,2020-03-20,D,16.00,255.00,11.00,,,,,,,6.00,74.00,,,,
75,2020-03-20,E,28.00,480.00,23.00,,,,,,,6.00,109.00,,,,
76,2020-03-20,0,90.00,2020.00,31.00,30.00,60.00,1020.00,1000.00,12.00,19.00,41.00,359.00,15.00,26.00,143.00,216.00
76,2020-03-20,A,14.00,336.00,3.00,,,,,,,4.00,93.00,,,,
76,2020-03-20,B,35.00,654.00,5.00,,,,,,,24.00,157.00,,,,
76,2020-03-20,C,24.00,509.00,11.00,,,,,,,12.00,68.00,,,,
76,2020-03-20,D,6.00,190.00,4.00,,,,,,,,17.00,,,,
76,2020-03-20,E,11.00,331.00,8.00,,,,,,,1.00,24.00,,,,
84,2020-03-20,0,227.00,2703.00,118.00,108.00,119.00,1347.00,1356.00,57.00,61.00,139.00,824.00,66.00,73.00,367.00,456.00
84,2020-03-20,A,1.00,443.00,1.00,,,,,,,15.00,170.00,,,,
84,2020-03-20,B,75.00,922.00,17.00,,,,,,,75.00,352.00,,,,
84,2020-03-20,C,67.00,602.00,33.00,,,,,,,29.00,131.00,,,,
84,2020-03-20,D,38.00,275.00,30.00,,,,,,,10.00,58.00,,,,
84,2020-03-20,E,46.00,461.00,37.00,,,,,,,10.00,113.00,,,,
93,2020-03-20,0,225.00,2212.00,82.00,105.00,120.00,1166.00,1045.00,48.00,34.00,109.00,761.00,41.00,68.00,305.00,455.00
93,2020-03-20,A,6.00,315.00,2.00,,,,,,,23.00,199.00,,,,
93,2020-03-20,B,100.00,770.00,14.00,,,,,,,49.00,296.00,,,,
93,2020-03-20,C,60.00,525.00,23.00,,,,,,,22.00,142.00,,,,
93,2020-03-20,D,25.00,207.00,15.00,,,,,,,9.00,41.00,,,,
93,2020-03-20,E,34.00,395.00,28.00,,,,,,,6.00,82.00,,,,
94,2020-03-20,0,39.00,147.00,39.00,12.00,27.00,57.00,90.00,12.00,27.00,10.00,33.00,1.00,9.00,8.00,25.00
94,2020-03-20,A,2.00,9.00,2.00,,,,,,,,7.00,,,,
94,2020-03-20,B,16.00,57.00,16.00,,,,,,,5.00,13.00,,,,
94,2020-03-20,C,11.00,39.00,11.00,,,,,,,3.00,6.00,,,,
94,2020-03-20,D,1.00,10.00,1.00,,,,,,,2.00,3.00,,,,
94,2020-03-20,E,9.00,32.00,9.00,,,,,,,,4.00,,,,
01,2020-03-21,0,3.00,137.00,2.00,1.00,2.00,67.00,70.00,1.00,1.00,,,,,,
01,2020-03-21,A,,25.00,,,,,,,,,,,,,
01,2020-03-21,B,1.00,58.00,,,,,,,,,,,,,
01,2020-03-21,C,,23.00,,,,,,,,,,,,,
01,2020-03-21,D,,11.00,,,,,,,,,,,,,
01,2020-03-21,E,2.00,20.00,2.00,,,,,,,,,,,,
02,2020-03-21,0,,,,,,,,,,,99.00,,,46.00,53.00
02,2020-03-21,A,,,,,,,,,,,20.00,,,,
02,2020-03-21,B,,,,,,,,,,,28.00,,,,
02,2020-03-21,C,,,,,,,,,,,15.00,,,,
02,2020-03-21,D,,,,,,,,,,,13.00,,,,
02,2020-03-21,E,,,,,,,,,,,23.00,,,,
03,2020-03-21,0,,167.00,,,,79.00,88.00,,,,,,,,
03,2020-03-21,A,,55.00,,,,,,,,,,,,,
03,2020-03-21,B,,70.00,,,,,,,,,,,,,
03,2020-03-21,C,,28.00,,,,,,,,,,,,,
03,2020-03-21,D,,4.00,,,,,,,,,,,,,
03,2020-03-21,E,,10.00,,,,,,,,,,,,,
04,2020-03-21,0,1.00,288.00,,1.00,,176.00,112.00,,,,,,,,
04,2020-03-21,A,,66.00,,,,,,,,,,,,,
04,2020-03-21,B,,90.00,,,,,,,,,,,,,
04,2020-03-21,C,1.00,77.00,,,,,,,,,,,,,
04,2020-03-21,D,,25.00,,,,,,,,,,,,,
04,2020-03-21,E,,30.00,,,,,,,,,,,,,
06,2020-03-21,0,1.00,89.00,,,1.00,46.00,43.00,,,,,,,,
06,2020-03-21,A,,36.00,,,,,,,,,,,,,
06,2020-03-21,B,1.00,35.00,,,,,,,,,,,,,
06,2020-03-21,C,,14.00,,,,,,,,,,,,,
06,2020-03-21,D,,3.00,,,,,,,,,,,,,
06,2020-03-21,E,,1.00,,,,,,,,,,,,,
07,2020-03-21,0,,10.00,,,,4.00,6.00,,,,,,,,
07,2020-03-21,A,,,,,,,,,,,,,,,
07,2020-03-21,B,,7.00,,,,,,,,,,,,,
07,2020-03-21,C,,1.00,,,,,,,,,,,,,
07,2020-03-21,D,,1.00,,,,,,,,,,,,,
07,2020-03-21,E,,1.00,,,,,,,,,,,,,
08,2020-03-21,0,,6.00,,,,2.00,4.00,,,,,,,,
08,2020-03-21,A,,1.00,,,,,,,,,,,,,
08,2020-03-21,B,,2.00,,,,,,,,,,,,,
08,2020-03-21,C,,1.00,,,,,,,,,,,,,
08,2020-03-21,D,,1.00,,,,,,,,,,,,,
08,2020-03-21,E,,1.00,,,,,,,,,,,,,
11,2020-03-21,0,954.00,4569.00,288.00,493.00,461.00,2391.00,2178.00,181.00,107.00,347.00,1671.00,165.00,182.00,720.00,948.00
11,2020-03-21,A,7.00,644.00,1.00,,,,,,,28.00,361.00,,,,
11,2020-03-21,B,447.00,2018.00,69.00,,,,,,,187.00,650.00,,,,
11,2020-03-21,C,324.00,1156.00,109.00,,,,,,,92.00,374.00,,,,
11,2020-03-21,D,85.00,317.00,45.00,,,,,,,19.00,126.00,,,,
11,2020-03-21,E,91.00,434.00,64.00,,,,,,,21.00,160.00,,,,
24,2020-03-21,0,53.00,852.00,17.00,26.00,27.00,451.00,401.00,10.00,7.00,20.00,369.00,3.00,17.00,156.00,213.00
24,2020-03-21,A,1.00,157.00,1.00,,,,,,,,80.00,,,,
24,2020-03-21,B,22.00,267.00,2.00,,,,,,,13.00,180.00,,,,
24,2020-03-21,C,15.00,199.00,3.00,,,,,,,5.00,65.00,,,,
24,2020-03-21,D,5.00,86.00,4.00,,,,,,,,18.00,,,,
24,2020-03-21,E,10.00,143.00,7.00,,,,,,,2.00,26.00,,,,
27,2020-03-21,0,171.00,1167.00,69.00,70.00,101.00,578.00,588.00,35.00,34.00,67.00,325.00,28.00,39.00,123.00,201.00
27,2020-03-21,A,3.00,150.00,,,,,,,,4.00,63.00,,,,
27,2020-03-21,B,61.00,415.00,10.00,,,,,,,39.00,128.00,,,,
27,2020-03-21,C,55.00,265.00,19.00,,,,,,,12.00,69.00,,,,
27,2020-03-21,D,17.00,124.00,13.00,,,,,,,8.00,32.00,,,,
27,2020-03-21,E,35.00,213.00,27.00,,,,,,,4.00,33.00,,,,
28,2020-03-21,0,79.00,1133.00,27.00,40.00,39.00,585.00,548.00,18.00,9.00,99.00,520.00,32.00,67.00,216.00,304.00
28,2020-03-21,A,9.00,208.00,,,,,,,,10.00,143.00,,,,
28,2020-03-21,B,26.00,375.00,3.00,,,,,,,61.00,223.00,,,,
28,2020-03-21,C,17.00,229.00,7.00,,,,,,,21.00,91.00,,,,
28,2020-03-21,D,12.00,124.00,5.00,,,,,,,2.00,21.00,,,,
28,2020-03-21,E,15.00,197.00,12.00,,,,,,,5.00,41.00,,,,
32,2020-03-21,0,153.00,1559.00,53.00,80.00,73.00,830.00,729.00,30.00,23.00,175.00,993.00,71.00,104.00,441.00,552.00
32,2020-03-21,A,13.00,288.00,2.00,,,,,,,26.00,267.00,,,,
32,2020-03-21,B,56.00,573.00,7.00,,,,,,,98.00,449.00,,,,
32,2020-03-21,C,44.00,338.00,17.00,,,,,,,36.00,181.00,,,,
32,2020-03-21,D,14.00,151.00,9.00,,,,,,,6.00,36.00,,,,
32,2020-03-21,E,26.00,209.00,18.00,,,,,,,8.00,57.00,,,,
44,2020-03-21,0,376.00,1939.00,190.00,183.00,193.00,982.00,957.00,116.00,74.00,192.00,984.00,78.00,111.00,425.00,555.00
44,2020-03-21,A,3.00,286.00,3.00,,,,,,,7.00,184.00,,,,
44,2020-03-21,B,127.00,625.00,21.00,,,,,,,111.00,445.00,,,,
44,2020-03-21,C,123.00,444.00,59.00,,,,,,,43.00,182.00,,,,
44,2020-03-21,D,45.00,212.00,38.00,,,,,,,16.00,61.00,,,,
44,2020-03-21,E,78.00,372.00,69.00,,,,,,,15.00,111.00,,,,
52,2020-03-21,0,85.00,952.00,36.00,36.00,49.00,514.00,438.00,21.00,15.00,119.00,505.00,52.00,67.00,225.00,278.00
52,2020-03-21,A,2.00,193.00,,,,,,,,20.00,128.00,,,,
52,2020-03-21,B,25.00,286.00,5.00,,,,,,,59.00,193.00,,,,
52,2020-03-21,C,27.00,204.00,6.00,,,,,,,21.00,82.00,,,,
52,2020-03-21,D,11.00,105.00,8.00,,,,,,,5.00,34.00,,,,
52,2020-03-21,E,20.00,164.00,17.00,,,,,,,13.00,67.00,,,,
53,2020-03-21,0,77.00,1124.00,25.00,29.00,48.00,564.00,560.00,10.00,15.00,40.00,505.00,16.00,24.00,201.00,304.00
53,2020-03-21,A,2.00,200.00,,,,,,,,4.00,106.00,,,,
53,2020-03-21,B,42.00,403.00,5.00,,,,,,,23.00,224.00,,,,
53,2020-03-21,C,21.00,236.00,10.00,,,,,,,9.00,82.00,,,,
53,2020-03-21,D,4.00,97.00,3.00,,,,,,,2.00,25.00,,,,
53,2020-03-21,E,8.00,188.00,7.00,,,,,,,2.00,67.00,,,,
75,2020-03-21,0,160.00,2052.00,67.00,67.00,93.00,1079.00,973.00,36.00,31.00,246.00,1466.00,100.00,146.00,622.00,844.00
75,2020-03-21,A,5.00,328.00,1.00,,,,,,,34.00,337.00,,,,
75,2020-03-21,B,68.00,673.00,12.00,,,,,,,130.00,604.00,,,,
75,2020-03-21,C,42.00,437.00,19.00,,,,,,,50.00,276.00,,,,
75,2020-03-21,D,16.00,201.00,9.00,,,,,,,16.00,110.00,,,,
75,2020-03-21,E,29.00,413.00,26.00,,,,,,,16.00,139.00,,,,
76,2020-03-21,0,107.00,1973.00,41.00,50.00,57.00,1001.00,972.00,28.00,13.00,84.00,515.00,33.00,51.00,206.00,309.00
76,2020-03-21,A,32.00,347.00,6.00,,,,,,,16.00,140.00,,,,
76,2020-03-21,B,26.00,679.00,3.00,,,,,,,47.00,226.00,,,,
76,2020-03-21,C,20.00,390.00,8.00,,,,,,,16.00,83.00,,,,
76,2020-03-21,D,9.00,214.00,6.00,,,,,,,2.00,22.00,,,,
76,2020-03-21,E,20.00,343.00,18.00,,,,,,,3.00,44.00,,,,
84,2020-03-21,0,261.00,2702.00,106.00,123.00,138.00,1396.00,1306.00,56.00,50.00,202.00,1095.00,72.00,129.00,468.00,626.00
84,2020-03-21,A,,465.00,,,,,,,,17.00,221.00,,,,
84,2020-03-21,B,114.00,971.00,17.00,,,,,,,94.00,431.00,,,,
84,2020-03-21,C,65.00,561.00,25.00,,,,,,,54.00,206.00,,,,
84,2020-03-21,D,26.00,256.00,16.00,,,,,,,18.00,80.00,,,,
84,2020-03-21,E,56.00,449.00,48.00,,,,,,,19.00,156.00,,,,
93,2020-03-21,0,163.00,2201.00,92.00,68.00,95.00,1116.00,1085.00,42.00,50.00,180.00,1095.00,68.00,112.00,448.00,647.00
93,2020-03-21,A,4.00,394.00,1.00,,,,,,,23.00,271.00,,,,
93,2020-03-21,B,58.00,791.00,24.00,,,,,,,98.00,422.00,,,,
93,2020-03-21,C,49.00,477.00,24.00,,,,,,,34.00,190.00,,,,
93,2020-03-21,D,22.00,182.00,15.00,,,,,,,13.00,78.00,,,,
93,2020-03-21,E,30.00,357.00,28.00,,,,,,,11.00,132.00,,,,
94,2020-03-21,0,26.00,128.00,24.00,9.00,17.00,63.00,65.00,8.00,16.00,17.00,62.00,8.00,9.00,24.00,38.00
94,2020-03-21,A,1.00,8.00,1.00,,,,,,,,14.00,,,,
94,2020-03-21,B,8.00,54.00,7.00,,,,,,,9.00,27.00,,,,
94,2020-03-21,C,13.00,36.00,13.00,,,,,,,7.00,14.00,,,,
94,2020-03-21,D,2.00,16.00,1.00,,,,,,,,4.00,,,,
94,2020-03-21,E,2.00,14.00,2.00,,,,,,,1.00,3.00,,,,
01,2020-03-22,0,,111.00,,,,54.00,57.00,,,,,,,,
01,2020-03-22,A,,20.00,,,,,,,,,,,,,
01,2020-03-22,B,,47.00,,,,,,,,,,,,,
01,2020-03-22,C,,23.00,,,,,,,,,,,,,
01,2020-03-22,D,,12.00,,,,,,,,,,,,,
01,2020-03-22,E,,9.00,,,,,,,,,,,,,
02,2020-03-22,0,,,,,,,,,,,97.00,,,48.00,49.00
02,2020-03-22,A,,,,,,,,,,,18.00,,,,
02,2020-03-22,B,,,,,,,,,,,41.00,,,,
02,2020-03-22,C,,,,,,,,,,,18.00,,,,
02,2020-03-22,D,,,,,,,,,,,14.00,,,,
02,2020-03-22,E,,,,,,,,,,,6.00,,,,
03,2020-03-22,0,,153.00,,,,73.00,80.00,,,,,,,,
03,2020-03-22,A,,37.00,,,,,,,,,,,,,
03,2020-03-22,B,,84.00,,,,,,,,,,,,,
03,2020-03-22,C,,20.00,,,,,,,,,,,,,
03,2020-03-22,D,,4.00,,,,,,,,,,,,,
03,2020-03-22,E,,8.00,,,,,,,,,,,,,
04,2020-03-22,0,,223.00,,,,118.00,105.00,,,,,,,,
04,2020-03-22,A,,54.00,,,,,,,,,,,,,
04,2020-03-22,B,,69.00,,,,,,,,,,,,,
04,2020-03-22,C,,52.00,,,,,,,,,,,,,
04,2020-03-22,D,,21.00,,,,,,,,,,,,,
04,2020-03-22,E,,27.00,,,,,,,,,,,,,
06,2020-03-22,0,,72.00,,,,42.00,30.00,,,,,,,,
06,2020-03-22,A,,25.00,,,,,,,,,,,,,
06,2020-03-22,B,,27.00,,,,,,,,,,,,,
06,2020-03-22,C,,15.00,,,,,,,,,,,,,
06,2020-03-22,D,,3.00,,,,,,,,,,,,,
06,2020-03-22,E,,2.00,,,,,,,,,,,,,
07,2020-03-22,0,,6.00,,,,3.00,3.00,,,,,,,,
07,2020-03-22,A,,,,,,,,,,,,,,,
07,2020-03-22,B,,3.00,,,,,,,,,,,,,
07,2020-03-22,C,,2.00,,,,,,,,,,,,,
07,2020-03-22,D,,1.00,,,,,,,,,,,,,
07,2020-03-22,E,,,,,,,,,,,,,,,
08,2020-03-22,0,1.00,21.00,,1.00,,11.00,10.00,,,,,,,,
08,2020-03-22,A,,2.00,,,,,,,,,,,,,
08,2020-03-22,B,1.00,13.00,,,,,,,,,,,,,
08,2020-03-22,C,,4.00,,,,,,,,,,,,,
08,2020-03-22,D,,,,,,,,,,,,,,,
08,2020-03-22,E,,2.00,,,,,,,,,,,,,
11,2020-03-22,0,1015.00,4391.00,312.00,480.00,535.00,2318.00,2073.00,180.00,132.00,421.00,1688.00,181.00,240.00,742.00,944.00
11,2020-03-22,A,7.00,621.00,3.00,,,,,,,20.00,360.00,,,,
11,2020-03-22,B,442.00,1859.00,60.00,,,,,,,228.00,698.00,,,,
11,2020-03-22,C,362.00,1154.00,115.00,,,,,,,122.00,382.00,,,,
11,2020-03-22,D,96.00,332.00,57.00,,,,,,,33.00,115.00,,,,
11,2020-03-22,E,108.00,425.00,77.00,,,,,,,18.00,131.00,,,,
24,2020-03-22,0,52.00,775.00,13.00,19.00,33.00,395.00,379.00,9.00,4.00,28.00,307.00,11.00,17.00,133.00,174.00
24,2020-03-22,A,,112.00,,,,,,,,2.00,62.00,,,,
24,2020-03-22,B,20.00,269.00,3.00,,,,,,,21.00,157.00,,,,
24,2020-03-22,C,17.00,159.00,4.00,,,,,,,4.00,51.00,,,,
24,2020-03-22,D,3.00,71.00,1.00,,,,,,,1.00,18.00,,,,
24,2020-03-22,E,12.00,164.00,5.00,,,,,,,,19.00,,,,
27,2020-03-22,0,184.00,981.00,81.00,85.00,99.00,492.00,488.00,47.00,34.00,63.00,311.00,29.00,34.00,138.00,173.00
27,2020-03-22,A,2.00,119.00,,,,,,,,5.00,64.00,,,,
27,2020-03-22,B,57.00,313.00,15.00,,,,,,,31.00,134.00,,,,
27,2020-03-22,C,59.00,233.00,17.00,,,,,,,18.00,67.00,,,,
27,2020-03-22,D,20.00,105.00,14.00,,,,,,,6.00,19.00,,,,
27,2020-03-22,E,46.00,211.00,35.00,,,,,,,3.00,27.00,,,,
28,2020-03-22,0,40.00,919.00,15.00,17.00,23.00,476.00,442.00,6.00,9.00,103.00,512.00,35.00,68.00,194.00,318.00
28,2020-03-22,A,5.00,159.00,,,,,,,,7.00,127.00,,,,
28,2020-03-22,B,19.00,340.00,6.00,,,,,,,65.00,223.00,,,,
28,2020-03-22,C,9.00,179.00,3.00,,,,,,,24.00,83.00,,,,
28,2020-03-22,D,2.00,75.00,1.00,,,,,,,4.00,28.00,,,,
28,2020-03-22,E,5.00,166.00,5.00,,,,,,,3.00,50.00,,,,
32,2020-03-22,0,148.00,1531.00,47.00,66.00,82.00,800.00,731.00,25.00,22.00,142.00,813.00,73.00,68.00,364.00,448.00
32,2020-03-22,A,10.00,288.00,2.00,,,,,,,17.00,223.00,,,,
32,2020-03-22,B,45.00,556.00,3.00,,,,,,,79.00,366.00,,,,
32,2020-03-22,C,50.00,323.00,17.00,,,,,,,34.00,140.00,,,,
32,2020-03-22,D,23.00,155.00,11.00,,,,,,,4.00,35.00,,,,
32,2020-03-22,E,20.00,209.00,14.00,,,,,,,8.00,49.00,,,,
44,2020-03-22,0,416.00,1918.00,207.00,201.00,215.00,931.00,986.00,120.00,87.00,196.00,941.00,87.00,108.00,429.00,509.00
44,2020-03-22,A,4.00,252.00,1.00,,,,,,,6.00,166.00,,,,
44,2020-03-22,B,128.00,627.00,27.00,,,,,,,111.00,444.00,,,,
44,2020-03-22,C,129.00,455.00,52.00,,,,,,,49.00,171.00,,,,
44,2020-03-22,D,58.00,212.00,41.00,,,,,,,17.00,68.00,,,,
44,2020-03-22,E,97.00,372.00,86.00,,,,,,,13.00,92.00,,,,
52,2020-03-22,0,111.00,810.00,48.00,50.00,61.00,419.00,391.00,25.00,23.00,101.00,562.00,36.00,65.00,229.00,332.00
52,2020-03-22,A,1.00,137.00,1.00,,,,,,,17.00,151.00,,,,
52,2020-03-22,B,53.00,289.00,14.00,,,,,,,59.00,238.00,,,,
52,2020-03-22,C,25.00,177.00,7.00,,,,,,,17.00,81.00,,,,
52,2020-03-22,D,9.00,72.00,5.00,,,,,,,4.00,28.00,,,,
52,2020-03-22,E,23.00,135.00,21.00,,,,,,,4.00,64.00,,,,
53,2020-03-22,0,91.00,922.00,20.00,31.00,60.00,458.00,464.00,11.00,9.00,35.00,462.00,13.00,22.00,192.00,270.00
53,2020-03-22,A,6.00,153.00,2.00,,,,,,,2.00,94.00,,,,
53,2020-03-22,B,49.00,341.00,6.00,,,,,,,22.00,190.00,,,,
53,2020-03-22,C,27.00,183.00,5.00,,,,,,,6.00,90.00,,,,
53,2020-03-22,D,6.00,80.00,4.00,,,,,,,3.00,30.00,,,,
53,2020-03-22,E,3.00,165.00,3.00,,,,,,,2.00,58.00,,,,
75,2020-03-22,0,167.00,1750.00,70.00,71.00,96.00,896.00,854.00,36.00,34.00,272.00,1416.00,109.00,163.00,564.00,852.00
75,2020-03-22,A,5.00,278.00,4.00,,,,,,,42.00,311.00,,,,
75,2020-03-22,B,70.00,583.00,11.00,,,,,,,156.00,663.00,,,,
75,2020-03-22,C,47.00,366.00,15.00,,,,,,,53.00,235.00,,,,
75,2020-03-22,D,18.00,170.00,16.00,,,,,,,5.00,70.00,,,,
75,2020-03-22,E,27.00,353.00,24.00,,,,,,,16.00,136.00,,,,
76,2020-03-22,0,97.00,1821.00,32.00,38.00,59.00,889.00,932.00,15.00,17.00,114.00,552.00,43.00,71.00,220.00,332.00
76,2020-03-22,A,22.00,287.00,4.00,,,,,,,17.00,139.00,,,,
76,2020-03-22,B,35.00,635.00,7.00,,,,,,,70.00,240.00,,,,
76,2020-03-22,C,22.00,403.00,7.00,,,,,,,22.00,101.00,,,,
76,2020-03-22,D,10.00,177.00,7.00,,,,,,,2.00,23.00,,,,
76,2020-03-22,E,8.00,318.00,7.00,,,,,,,3.00,49.00,,,,
84,2020-03-22,0,239.00,2235.00,123.00,98.00,141.00,1096.00,1139.00,60.00,63.00,216.00,1013.00,96.00,120.00,423.00,587.00
84,2020-03-22,A,8.00,362.00,2.00,,,,,,,20.00,203.00,,,,
84,2020-03-22,B,83.00,793.00,14.00,,,,,,,128.00,438.00,,,,
84,2020-03-22,C,64.00,487.00,35.00,,,,,,,33.00,167.00,,,,
84,2020-03-22,D,25.00,205.00,17.00,,,,,,,18.00,71.00,,,,
84,2020-03-22,E,59.00,387.00,55.00,,,,,,,17.00,134.00,,,,
93,2020-03-22,0,186.00,2103.00,90.00,80.00,106.00,1048.00,1055.00,40.00,50.00,182.00,903.00,67.00,115.00,385.00,518.00
93,2020-03-22,A,4.00,364.00,2.00,,,,,,,22.00,227.00,,,,
93,2020-03-22,B,65.00,749.00,16.00,,,,,,,99.00,364.00,,,,
93,2020-03-22,C,69.00,480.00,31.00,,,,,,,36.00,150.00,,,,
93,2020-03-22,D,15.00,176.00,13.00,,,,,,,15.00,63.00,,,,
93,2020-03-22,E,33.00,334.00,28.00,,,,,,,10.00,98.00,,,,
94,2020-03-22,0,40.00,131.00,40.00,18.00,22.00,70.00,61.00,18.00,22.00,19.00,50.00,8.00,11.00,19.00,31.00
94,2020-03-22,A,1.00,11.00,1.00,,,,,,,,6.00,,,,
94,2020-03-22,B,18.00,43.00,18.00,,,,,,,7.00,18.00,,,,
94,2020-03-22,C,16.00,34.00,16.00,,,,,,,10.00,17.00,,,,
94,2020-03-22,D,2.00,18.00,2.00,,,,,,,2.00,4.00,,,,
94,2020-03-22,E,3.00,25.00,3.00,,,,,,,,5.00,,,,
01,2020-03-23,0,1.00,153.00,1.00,,1.00,58.00,95.00,,1.00,,,,,,
01,2020-03-23,A,,20.00,,,,,,,,,,,,,
01,2020-03-23,B,,66.00,,,,,,,,,,,,,
01,2020-03-23,C,1.00,34.00,1.00,,,,,,,,,,,,
01,2020-03-23,D,,13.00,,,,,,,,,,,,,
01,2020-03-23,E,,20.00,,,,,,,,,,,,,
02,2020-03-23,0,,,,,,,,,,,110.00,,,44.00,66.00
02,2020-03-23,A,,,,,,,,,,,19.00,,,,
02,2020-03-23,B,,,,,,,,,,,35.00,,,,
02,2020-03-23,C,,,,,,,,,,,26.00,,,,
02,2020-03-23,D,,,,,,,,,,,10.00,,,,
02,2020-03-23,E,,,,,,,,,,,20.00,,,,
03,2020-03-23,0,,177.00,,,,86.00,91.00,,,,,,,,
03,2020-03-23,A,,40.00,,,,,,,,,,,,,
03,2020-03-23,B,,86.00,,,,,,,,,,,,,
03,2020-03-23,C,,38.00,,,,,,,,,,,,,
03,2020-03-23,D,,8.00,,,,,,,,,,,,,
03,2020-03-23,E,,5.00,,,,,,,,,,,,,
04,2020-03-23,0,2.00,253.00,1.00,2.00,,130.00,123.00,1.00,,,,,,,
04,2020-03-23,A,,56.00,,,,,,,,,,,,,
04,2020-03-23,B,2.00,93.00,1.00,,,,,,,,,,,,
04,2020-03-23,C,,52.00,,,,,,,,,,,,,
04,2020-03-23,D,,23.00,,,,,,,,,,,,,
04,2020-03-23,E,,29.00,,,,,,,,,,,,,
06,2020-03-23,0,3.00,82.00,1.00,1.00,2.00,44.00,38.00,,1.00,,,,,,
06,2020-03-23,A,1.00,25.00,,,,,,,,,,,,,
06,2020-03-23,B,2.00,45.00,1.00,,,,,,,,,,,,
06,2020-03-23,C,,9.00,,,,,,,,,,,,,
06,2020-03-23,D,,3.00,,,,,,,,,,,,,
06,2020-03-23,E,,,,,,,,,,,,,,,
07,2020-03-23,0,,15.00,,,,9.00,6.00,,,,,,,,
07,2020-03-23,A,,,,,,,,,,,,,,,
07,2020-03-23,B,,8.00,,,,,,,,,,,,,
07,2020-03-23,C,,5.00,,,,,,,,,,,,,
07,2020-03-23,D,,2.00,,,,,,,,,,,,,
07,2020-03-23,E,,,,,,,,,,,,,,,
08,2020-03-23,0,1.00,5.00,1.00,1.00,,3.00,2.00,1.00,,,,,,,
08,2020-03-23,A,,,,,,,,,,,,,,,
08,2020-03-23,B,,1.00,,,,,,,,,,,,,
08,2020-03-23,C,1.00,3.00,1.00,,,,,,,,,,,,
08,2020-03-23,D,,1.00,,,,,,,,,,,,,
08,2020-03-23,E,,,,,,,,,,,,,,,
11,2020-03-23,0,1454.00,5464.00,462.00,727.00,726.00,2881.00,2580.00,288.00,174.00,442.00,1457.00,196.00,246.00,625.00,830.00
11,2020-03-23,A,13.00,590.00,1.00,,,,,,,19.00,217.00,,,,
11,2020-03-23,B,593.00,2228.00,77.00,,,,,,,208.00,590.00,,,,
11,2020-03-23,C,541.00,1578.00,173.00,,,,,,,148.00,390.00,,,,
11,2020-03-23,D,158.00,489.00,92.00,,,,,,,41.00,116.00,,,,
11,2020-03-23,E,149.00,579.00,119.00,,,,,,,26.00,143.00,,,,
24,2020-03-23,0,73.00,900.00,22.00,36.00,37.00,452.00,448.00,13.00,9.00,12.00,213.00,5.00,7.00,98.00,115.00
24,2020-03-23,A,,119.00,,,,,,,,,26.00,,,,
24,2020-03-23,B,21.00,285.00,1.00,,,,,,,8.00,120.00,,,,
24,2020-03-23,C,31.00,206.00,6.00,,,,,,,3.00,39.00,,,,
24,2020-03-23,D,7.00,86.00,6.00,,,,,,,1.00,10.00,,,,
24,2020-03-23,E,14.00,204.00,9.00,,,,,,,,18.00,,,,
27,2020-03-23,0,284.00,1232.00,131.00,126.00,158.00,604.00,628.00,78.00,53.00,54.00,212.00,23.00,31.00,87.00,125.00
27,2020-03-23,A,11.00,113.00,2.00,,,,,,,2.00,32.00,,,,
27,2020-03-23,B,64.00,391.00,9.00,,,,,,,30.00,99.00,,,,
27,2020-03-23,C,102.00,336.00,40.00,,,,,,,11.00,47.00,,,,
27,2020-03-23,D,36.00,131.00,27.00,,,,,,,5.00,13.00,,,,
27,2020-03-23,E,71.00,261.00,53.00,,,,,,,6.00,21.00,,,,
28,2020-03-23,0,109.00,1251.00,36.00,41.00,68.00,638.00,613.00,14.00,22.00,72.00,297.00,33.00,39.00,129.00,168.00
28,2020-03-23,A,6.00,183.00,,,,,,,,6.00,59.00,,,,
28,2020-03-23,B,37.00,436.00,8.00,,,,,,,47.00,155.00,,,,
28,2020-03-23,C,33.00,288.00,8.00,,,,,,,15.00,49.00,,,,
28,2020-03-23,D,14.00,141.00,5.00,,,,,,,2.00,10.00,,,,
28,2020-03-23,E,19.00,202.00,15.00,,,,,,,2.00,24.00,,,,
32,2020-03-23,0,272.00,1841.00,112.00,135.00,137.00,939.00,902.00,62.00,50.00,98.00,746.00,37.00,61.00,328.00,415.00
32,2020-03-23,A,16.00,287.00,1.00,,,,,,,7.00,159.00,,,,
32,2020-03-23,B,91.00,615.00,15.00,,,,,,,63.00,379.00,,,,
32,2020-03-23,C,82.00,426.00,35.00,,,,,,,23.00,133.00,,,,
32,2020-03-23,D,35.00,199.00,23.00,,,,,,,2.00,23.00,,,,
32,2020-03-23,E,48.00,314.00,38.00,,,,,,,3.00,45.00,,,,
44,2020-03-23,0,745.00,2307.00,363.00,364.00,381.00,1169.00,1138.00,227.00,136.00,182.00,744.00,65.00,117.00,296.00,447.00
44,2020-03-23,A,8.00,213.00,4.00,,,,,,,2.00,109.00,,,,
44,2020-03-23,B,194.00,688.00,22.00,,,,,,,92.00,347.00,,,,
44,2020-03-23,C,239.00,602.00,101.00,,,,,,,47.00,145.00,,,,
44,2020-03-23,D,144.00,346.00,105.00,,,,,,,21.00,52.00,,,,
44,2020-03-23,E,160.00,458.00,131.00,,,,,,,20.00,90.00,,,,
52,2020-03-23,0,138.00,1017.00,64.00,53.00,85.00,533.00,484.00,34.00,30.00,104.00,437.00,40.00,63.00,186.00,250.00
52,2020-03-23,A,7.00,160.00,2.00,,,,,,,9.00,82.00,,,,
52,2020-03-23,B,38.00,302.00,8.00,,,,,,,62.00,195.00,,,,
52,2020-03-23,C,43.00,241.00,19.00,,,,,,,20.00,75.00,,,,
52,2020-03-23,D,14.00,110.00,10.00,,,,,,,7.00,32.00,,,,
52,2020-03-23,E,36.00,204.00,25.00,,,,,,,6.00,53.00,,,,
53,2020-03-23,0,129.00,1294.00,36.00,50.00,79.00,583.00,711.00,15.00,21.00,26.00,295.00,11.00,15.00,129.00,166.00
53,2020-03-23,A,2.00,180.00,,,,,,,,4.00,50.00,,,,
53,2020-03-23,B,62.00,425.00,11.00,,,,,,,16.00,145.00,,,,
53,2020-03-23,C,34.00,309.00,8.00,,,,,,,4.00,47.00,,,,
53,2020-03-23,D,10.00,124.00,6.00,,,,,,,2.00,26.00,,,,
53,2020-03-23,E,21.00,256.00,11.00,,,,,,,,27.00,,,,
75,2020-03-23,0,263.00,2263.00,98.00,104.00,159.00,1127.00,1136.00,47.00,51.00,207.00,1141.00,88.00,119.00,481.00,660.00
75,2020-03-23,A,3.00,251.00,1.00,,,,,,,17.00,206.00,,,,
75,2020-03-23,B,104.00,697.00,12.00,,,,,,,117.00,503.00,,,,
75,2020-03-23,C,87.00,589.00,29.00,,,,,,,54.00,249.00,,,,
75,2020-03-23,D,26.00,245.00,17.00,,,,,,,8.00,73.00,,,,
75,2020-03-23,E,43.00,481.00,39.00,,,,,,,11.00,110.00,,,,
76,2020-03-23,0,152.00,2066.00,70.00,63.00,88.00,1021.00,1044.00,33.00,36.00,82.00,353.00,31.00,51.00,131.00,222.00
76,2020-03-23,A,14.00,244.00,2.00,,,,,,,12.00,78.00,,,,
76,2020-03-23,B,41.00,705.00,7.00,,,,,,,46.00,165.00,,,,
76,2020-03-23,C,42.00,502.00,17.00,,,,,,,15.00,66.00,,,,
76,2020-03-23,D,24.00,241.00,19.00,,,,,,,3.00,23.00,,,,
76,2020-03-23,E,31.00,374.00,25.00,,,,,,,6.00,21.00,,,,
84,2020-03-23,0,470.00,2778.00,220.00,196.00,274.00,1420.00,1358.00,105.00,115.00,175.00,814.00,77.00,98.00,355.00,458.00
84,2020-03-23,A,5.00,369.00,,,,,,,,9.00,119.00,,,,
84,2020-03-23,B,187.00,969.00,38.00,,,,,,,104.00,393.00,,,,
84,2020-03-23,C,113.00,638.00,50.00,,,,,,,27.00,136.00,,,,
84,2020-03-23,D,78.00,308.00,55.00,,,,,,,13.00,56.00,,,,
84,2020-03-23,E,87.00,494.00,77.00,,,,,,,21.00,109.00,,,,
93,2020-03-23,0,309.00,2321.00,145.00,148.00,161.00,1153.00,1168.00,88.00,57.00,145.00,686.00,62.00,83.00,282.00,404.00
93,2020-03-23,A,2.00,265.00,1.00,,,,,,,18.00,140.00,,,,
93,2020-03-23,B,104.00,815.00,25.00,,,,,,,75.00,273.00,,,,
93,2020-03-23,C,99.00,622.00,30.00,,,,,,,37.00,138.00,,,,
93,2020-03-23,D,42.00,236.00,32.00,,,,,,,10.00,56.00,,,,
93,2020-03-23,E,62.00,383.00,57.00,,,,,,,5.00,78.00,,,,
94,2020-03-23,0,93.00,183.00,91.00,32.00,61.00,83.00,100.00,30.00,61.00,15.00,41.00,4.00,11.00,14.00,27.00
94,2020-03-23,A,2.00,7.00,2.00,,,,,,,,6.00,,,,
94,2020-03-23,B,45.00,84.00,43.00,,,,,,,5.00,18.00,,,,
94,2020-03-23,C,29.00,55.00,29.00,,,,,,,8.00,14.00,,,,
94,2020-03-23,D,5.00,16.00,5.00,,,,,,,,1.00,,,,
94,2020-03-23,E,12.00,21.00,12.00,,,,,,,2.00,2.00,,,,
01,2020-03-24,0,1.00,128.00,1.00,1.00,,59.00,69.00,1.00,,,,,,,
01,2020-03-24,A,,19.00,,,,,,,,,,,,,
01,2020-03-24,B,,45.00,,,,,,,,,,,,,
01,2020-03-24,C,1.00,36.00,1.00,,,,,,,,,,,,
01,2020-03-24,D,,15.00,,,,,,,,,,,,,
01,2020-03-24,E,,13.00,,,,,,,,,,,,,
02,2020-03-24,0,,,,,,,,,,,108.00,,,42.00,66.00
02,2020-03-24,A,,,,,,,,,,,17.00,,,,
02,2020-03-24,B,,,,,,,,,,,36.00,,,,
02,2020-03-24,C,,,,,,,,,,,28.00,,,,
02,2020-03-24,D,,,,,,,,,,,9.00,,,,
02,2020-03-24,E,,,,,,,,,,,18.00,,,,
03,2020-03-24,0,2.00,163.00,,1.00,1.00,83.00,80.00,,,,,,,,
03,2020-03-24,A,,41.00,,,,,,,,,,,,,
03,2020-03-24,B,,78.00,,,,,,,,,,,,,
03,2020-03-24,C,2.00,29.00,,,,,,,,,,,,,
03,2020-03-24,D,,11.00,,,,,,,,,,,,,
03,2020-03-24,E,,4.00,,,,,,,,,,,,,
04,2020-03-24,0,3.00,269.00,2.00,1.00,2.00,149.00,120.00,1.00,1.00,,,,,,
04,2020-03-24,A,,52.00,,,,,,,,,,,,,
04,2020-03-24,B,,103.00,,,,,,,,,,,,,
04,2020-03-24,C,2.00,67.00,1.00,,,,,,,,,,,,
04,2020-03-24,D,,21.00,,,,,,,,,,,,,
04,2020-03-24,E,1.00,26.00,1.00,,,,,,,,,,,,
06,2020-03-24,0,,,,,,,,,,,,,,,
06,2020-03-24,A,,,,,,,,,,,,,,,
06,2020-03-24,B,,,,,,,,,,,,,,,
06,2020-03-24,C,,,,,,,,,,,,,,,
06,2020-03-24,D,,,,,,,,,,,,,,,
06,2020-03-24,E,,,,,,,,,,,,,,,
07,2020-03-24,0,,16.00,,,,5.00,11.00,,,,,,,,
07,2020-03-24,A,,,,,,,,,,,,,,,
07,2020-03-24,B,,7.00,,,,,,,,,,,,,
07,2020-03-24,C,,9.00,,,,,,,,,,,,,
07,2020-03-24,D,,,,,,,,,,,,,,,
07,2020-03-24,E,,,,,,,,,,,,,,,
08,2020-03-24,0,,10.00,,,,7.00,3.00,,,,,,,,
08,2020-03-24,A,,1.00,,,,,,,,,,,,,
08,2020-03-24,B,,5.00,,,,,,,,,,,,,
08,2020-03-24,C,,3.00,,,,,,,,,,,,,
08,2020-03-24,D,,1.00,,,,,,,,,,,,,
08,2020-03-24,E,,,,,,,,,,,,,,,
11,2020-03-24,0,1606.00,5108.00,547.00,815.00,791.00,2716.00,2389.00,333.00,214.00,375.00,1368.00,163.00,212.00,606.00,761.00
11,2020-03-24,A,11.00,553.00,3.00,,,,,,,17.00,208.00,,,,
11,2020-03-24,B,651.00,2066.00,79.00,,,,,,,170.00,547.00,,,,
11,2020-03-24,C,572.00,1459.00,205.00,,,,,,,127.00,349.00,,,,
11,2020-03-24,D,193.00,475.00,124.00,,,,,,,31.00,112.00,,,,
11,2020-03-24,E,179.00,555.00,136.00,,,,,,,30.00,152.00,,,,
24,2020-03-24,0,51.00,821.00,14.00,28.00,23.00,411.00,409.00,10.00,4.00,21.00,191.00,5.00,16.00,66.00,125.00
24,2020-03-24,A,1.00,114.00,1.00,,,,,,,1.00,31.00,,,,
24,2020-03-24,B,17.00,263.00,1.00,,,,,,,19.00,106.00,,,,
24,2020-03-24,C,22.00,193.00,5.00,,,,,,,1.00,35.00,,,,
24,2020-03-24,D,5.00,76.00,3.00,,,,,,,,8.00,,,,
24,2020-03-24,E,6.00,175.00,4.00,,,,,,,,11.00,,,,
27,2020-03-24,0,275.00,1146.00,109.00,111.00,164.00,583.00,563.00,54.00,55.00,32.00,163.00,15.00,17.00,78.00,85.00
27,2020-03-24,A,5.00,103.00,1.00,,,,,,,2.00,29.00,,,,
27,2020-03-24,B,103.00,400.00,14.00,,,,,,,19.00,78.00,,,,
27,2020-03-24,C,69.00,280.00,27.00,,,,,,,6.00,31.00,,,,
27,2020-03-24,D,33.00,127.00,20.00,,,,,,,,9.00,,,,
27,2020-03-24,E,65.00,236.00,47.00,,,,,,,5.00,16.00,,,,
28,2020-03-24,0,100.00,1187.00,35.00,45.00,55.00,581.00,606.00,21.00,14.00,67.00,266.00,30.00,37.00,118.00,148.00
28,2020-03-24,A,6.00,213.00,,,,,,,,2.00,57.00,,,,
28,2020-03-24,B,33.00,396.00,3.00,,,,,,,47.00,124.00,,,,
28,2020-03-24,C,33.00,274.00,16.00,,,,,,,12.00,45.00,,,,
28,2020-03-24,D,10.00,128.00,4.00,,,,,,,4.00,18.00,,,,
28,2020-03-24,E,18.00,176.00,12.00,,,,,,,2.00,22.00,,,,
32,2020-03-24,0,288.00,1835.00,99.00,129.00,159.00,916.00,919.00,53.00,46.00,120.00,596.00,51.00,69.00,264.00,332.00
32,2020-03-24,A,13.00,268.00,4.00,,,,,,,11.00,128.00,,,,
32,2020-03-24,B,95.00,643.00,10.00,,,,,,,74.00,295.00,,,,
32,2020-03-24,C,82.00,421.00,26.00,,,,,,,24.00,90.00,,,,
32,2020-03-24,D,46.00,213.00,28.00,,,,,,,6.00,38.00,,,,
32,2020-03-24,E,52.00,290.00,31.00,,,,,,,5.00,41.00,,,,
44,2020-03-24,0,573.00,2030.00,286.00,276.00,297.00,1071.00,959.00,166.00,120.00,146.00,665.00,69.00,75.00,307.00,355.00
44,2020-03-24,A,1.00,203.00,,,,,,,,8.00,98.00,,,,
44,2020-03-24,B,181.00,631.00,24.00,,,,,,,70.00,311.00,,,,
44,2020-03-24,C,165.00,488.00,78.00,,,,,,,40.00,143.00,,,,
44,2020-03-24,D,105.00,282.00,77.00,,,,,,,18.00,53.00,,,,
44,2020-03-24,E,121.00,426.00,107.00,,,,,,,9.00,59.00,,,,
52,2020-03-24,0,161.00,999.00,68.00,70.00,91.00,504.00,494.00,37.00,31.00,57.00,375.00,24.00,33.00,160.00,212.00
52,2020-03-24,A,12.00,174.00,2.00,,,,,,,5.00,75.00,,,,
52,2020-03-24,B,57.00,309.00,13.00,,,,,,,39.00,166.00,,,,
52,2020-03-24,C,38.00,224.00,13.00,,,,,,,11.00,70.00,,,,
52,2020-03-24,D,19.00,99.00,13.00,,,,,,,,16.00,,,,
52,2020-03-24,E,35.00,192.00,27.00,,,,,,,2.00,48.00,,,,
53,2020-03-24,0,110.00,1205.00,35.00,45.00,65.00,603.00,602.00,17.00,18.00,29.00,257.00,10.00,19.00,105.00,152.00
53,2020-03-24,A,1.00,179.00,,,,,,,,1.00,41.00,,,,
53,2020-03-24,B,37.00,380.00,7.00,,,,,,,19.00,126.00,,,,
53,2020-03-24,C,34.00,298.00,10.00,,,,,,,4.00,46.00,,,,
53,2020-03-24,D,21.00,130.00,9.00,,,,,,,2.00,15.00,,,,
53,2020-03-24,E,17.00,218.00,9.00,,,,,,,3.00,29.00,,,,
75,2020-03-24,0,268.00,2085.00,98.00,112.00,156.00,1089.00,996.00,53.00,45.00,167.00,986.00,64.00,103.00,451.00,535.00
75,2020-03-24,A,2.00,249.00,,,,,,,,16.00,183.00,,,,
75,2020-03-24,B,107.00,656.00,14.00,,,,,,,93.00,452.00,,,,
75,2020-03-24,C,82.00,520.00,27.00,,,,,,,47.00,200.00,,,,
75,2020-03-24,D,24.00,228.00,15.00,,,,,,,6.00,52.00,,,,
75,2020-03-24,E,53.00,432.00,42.00,,,,,,,5.00,98.00,,,,
76,2020-03-24,0,123.00,1857.00,61.00,55.00,68.00,954.00,903.00,31.00,30.00,64.00,325.00,18.00,46.00,143.00,182.00
76,2020-03-24,A,12.00,201.00,8.00,,,,,,,8.00,69.00,,,,
76,2020-03-24,B,32.00,663.00,7.00,,,,,,,32.00,134.00,,,,
76,2020-03-24,C,39.00,484.00,15.00,,,,,,,17.00,75.00,,,,
76,2020-03-24,D,20.00,197.00,15.00,,,,,,,4.00,15.00,,,,
76,2020-03-24,E,20.00,312.00,16.00,,,,,,,3.00,32.00,,,,
84,2020-03-24,0,435.00,2528.00,224.00,200.00,235.00,1291.00,1237.00,122.00,102.00,162.00,799.00,61.00,101.00,339.00,460.00
84,2020-03-24,A,3.00,329.00,1.00,,,,,,,4.00,120.00,,,,
84,2020-03-24,B,137.00,863.00,35.00,,,,,,,89.00,341.00,,,,
84,2020-03-24,C,145.00,650.00,63.00,,,,,,,40.00,177.00,,,,
84,2020-03-24,D,68.00,255.00,51.00,,,,,,,15.00,70.00,,,,
84,2020-03-24,E,82.00,431.00,74.00,,,,,,,14.00,91.00,,,,
93,2020-03-24,0,274.00,2034.00,118.00,104.00,169.00,977.00,1055.00,53.00,65.00,175.00,736.00,68.00,107.00,298.00,438.00
93,2020-03-24,A,2.00,238.00,1.00,,,,,,,12.00,128.00,,,,
93,2020-03-24,B,115.00,758.00,24.00,,,,,,,102.00,329.00,,,,
93,2020-03-24,C,87.00,489.00,38.00,,,,,,,42.00,145.00,,,,
93,2020-03-24,D,31.00,202.00,21.00,,,,,,,10.00,55.00,,,,
93,2020-03-24,E,39.00,347.00,34.00,,,,,,,9.00,79.00,,,,
94,2020-03-24,0,95.00,169.00,95.00,29.00,66.00,75.00,94.00,29.00,66.00,15.00,40.00,,15.00,11.00,29.00
94,2020-03-24,A,,5.00,,,,,,,,,7.00,,,,
94,2020-03-24,B,33.00,62.00,33.00,,,,,,,12.00,21.00,,,,
94,2020-03-24,C,44.00,65.00,44.00,,,,,,,,5.00,,,,
94,2020-03-24,D,5.00,15.00,5.00,,,,,,,2.00,4.00,,,,
94,2020-03-24,E,13.00,22.00,13.00,,,,,,,1.00,3.00,,,,
01,2020-03-25,0,2.00,124.00,,,2.00,63.00,61.00,,,,,,,,
01,2020-03-25,A,,26.00,,,,,,,,,,,,,
01,2020-03-25,B,1.00,43.00,,,,,,,,,,,,,
01,2020-03-25,C,1.00,20.00,,,,,,,,,,,,,
01,2020-03-25,D,,14.00,,,,,,,,,,,,,
01,2020-03-25,E,,21.00,,,,,,,,,,,,,
02,2020-03-25,0,,,,,,,,,,,85.00,,,30.00,55.00
02,2020-03-25,A,,,,,,,,,,,12.00,,,,
02,2020-03-25,B,,,,,,,,,,,30.00,,,,
02,2020-03-25,C,,,,,,,,,,,17.00,,,,
02,2020-03-25,D,,,,,,,,,,,11.00,,,,
02,2020-03-25,E,,,,,,,,,,,15.00,,,,
03,2020-03-25,0,,129.00,,,,70.00,59.00,,,,,,,,
03,2020-03-25,A,,35.00,,,,,,,,,,,,,
03,2020-03-25,B,,52.00,,,,,,,,,,,,,
03,2020-03-25,C,,29.00,,,,,,,,,,,,,
03,2020-03-25,D,,6.00,,,,,,,,,,,,,
03,2020-03-25,E,,7.00,,,,,,,,,,,,,
04,2020-03-25,0,3.00,229.00,1.00,1.00,2.00,113.00,116.00,,1.00,,,,,,
04,2020-03-25,A,1.00,41.00,,,,,,,,,,,,,
04,2020-03-25,B,1.00,67.00,,,,,,,,,,,,,
04,2020-03-25,C,1.00,66.00,1.00,,,,,,,,,,,,
04,2020-03-25,D,,24.00,,,,,,,,,,,,,
04,2020-03-25,E,,31.00,,,,,,,,,,,,,
06,2020-03-25,0,11.00,68.00,,5.00,6.00,36.00,32.00,,,,,,,,
06,2020-03-25,A,2.00,13.00,,,,,,,,,,,,,
06,2020-03-25,B,5.00,33.00,,,,,,,,,,,,,
06,2020-03-25,C,3.00,17.00,,,,,,,,,,,,,
06,2020-03-25,D,,2.00,,,,,,,,,,,,,
06,2020-03-25,E,1.00,3.00,,,,,,,,,,,,,
07,2020-03-25,0,,11.00,,,,7.00,4.00,,,,,,,,
07,2020-03-25,A,,3.00,,,,,,,,,,,,,
07,2020-03-25,B,,4.00,,,,,,,,,,,,,
07,2020-03-25,C,,4.00,,,,,,,,,,,,,
07,2020-03-25,D,,,,,,,,,,,,,,,
07,2020-03-25,E,,,,,,,,,,,,,,,
08,2020-03-25,0,1.00,12.00,,1.00,,7.00,5.00,,,,,,,,
08,2020-03-25,A,,1.00,,,,,,,,,,,,,
08,2020-03-25,B,,6.00,,,,,,,,,,,,,
08,2020-03-25,C,1.00,3.00,,,,,,,,,,,,,
08,2020-03-25,D,,2.00,,,,,,,,,,,,,
08,2020-03-25,E,,,,,,,,,,,,,,,
11,2020-03-25,0,1643.00,5133.00,572.00,825.00,818.00,2714.00,2419.00,362.00,210.00,391.00,1268.00,191.00,200.00,587.00,680.00
11,2020-03-25,A,12.00,548.00,7.00,,,,,,,24.00,188.00,,,,
11,2020-03-25,B,668.00,2082.00,93.00,,,,,,,176.00,471.00,,,,
11,2020-03-25,C,635.00,1528.00,242.00,,,,,,,111.00,309.00,,,,
11,2020-03-25,D,159.00,438.00,101.00,,,,,,,45.00,136.00,,,,
11,2020-03-25,E,169.00,537.00,129.00,,,,,,,32.00,157.00,,,,
24,2020-03-25,0,47.00,782.00,13.00,22.00,25.00,390.00,392.00,7.00,6.00,22.00,168.00,6.00,16.00,73.00,95.00
24,2020-03-25,A,,115.00,,,,,,,,5.00,32.00,,,,
24,2020-03-25,B,15.00,258.00,1.00,,,,,,,13.00,79.00,,,,
24,2020-03-25,C,15.00,148.00,5.00,,,,,,,3.00,27.00,,,,
24,2020-03-25,D,7.00,93.00,5.00,,,,,,,1.00,11.00,,,,
24,2020-03-25,E,10.00,168.00,2.00,,,,,,,,19.00,,,,
27,2020-03-25,0,297.00,1155.00,113.00,110.00,187.00,551.00,604.00,59.00,54.00,46.00,212.00,19.00,27.00,93.00,119.00
27,2020-03-25,A,7.00,90.00,1.00,,,,,,,5.00,36.00,,,,
27,2020-03-25,B,99.00,386.00,12.00,,,,,,,25.00,98.00,,,,
27,2020-03-25,C,89.00,307.00,26.00,,,,,,,10.00,42.00,,,,
27,2020-03-25,D,39.00,132.00,27.00,,,,,,,2.00,13.00,,,,
27,2020-03-25,E,63.00,240.00,47.00,,,,,,,4.00,23.00,,,,
28,2020-03-25,0,106.00,1130.00,33.00,46.00,60.00,562.00,567.00,18.00,15.00,78.00,287.00,42.00,36.00,122.00,165.00
28,2020-03-25,A,1.00,200.00,,,,,,,,4.00,61.00,,,,
28,2020-03-25,B,48.00,379.00,8.00,,,,,,,55.00,136.00,,,,
28,2020-03-25,C,24.00,236.00,6.00,,,,,,,10.00,47.00,,,,
28,2020-03-25,D,13.00,125.00,6.00,,,,,,,6.00,17.00,,,,
28,2020-03-25,E,20.00,189.00,13.00,,,,,,,3.00,26.00,,,,
32,2020-03-25,0,261.00,1817.00,107.00,119.00,142.00,927.00,890.00,56.00,51.00,120.00,600.00,54.00,66.00,280.00,319.00
32,2020-03-25,A,12.00,276.00,6.00,,,,,,,13.00,132.00,,,,
32,2020-03-25,B,85.00,655.00,12.00,,,,,,,73.00,297.00,,,,
32,2020-03-25,C,81.00,415.00,32.00,,,,,,,20.00,99.00,,,,
32,2020-03-25,D,32.00,184.00,18.00,,,,,,,8.00,35.00,,,,
32,2020-03-25,E,51.00,287.00,39.00,,,,,,,6.00,36.00,,,,
44,2020-03-25,0,534.00,1983.00,280.00,270.00,264.00,1001.00,982.00,177.00,103.00,195.00,657.00,85.00,110.00,283.00,374.00
44,2020-03-25,A,1.00,211.00,,,,,,,,6.00,91.00,,,,
44,2020-03-25,B,146.00,607.00,24.00,,,,,,,98.00,320.00,,,,
44,2020-03-25,C,174.00,514.00,85.00,,,,,,,58.00,136.00,,,,
44,2020-03-25,D,98.00,261.00,76.00,,,,,,,16.00,47.00,,,,
44,2020-03-25,E,115.00,390.00,95.00,,,,,,,17.00,63.00,,,,
52,2020-03-25,0,192.00,1003.00,95.00,86.00,106.00,492.00,511.00,54.00,41.00,89.00,386.00,30.00,59.00,167.00,218.00
52,2020-03-25,A,8.00,169.00,1.00,,,,,,,7.00,71.00,,,,
52,2020-03-25,B,62.00,300.00,18.00,,,,,,,49.00,173.00,,,,
52,2020-03-25,C,66.00,251.00,29.00,,,,,,,21.00,69.00,,,,
52,2020-03-25,D,26.00,103.00,19.00,,,,,,,5.00,24.00,,,,
52,2020-03-25,E,30.00,180.00,28.00,,,,,,,7.00,49.00,,,,
53,2020-03-25,0,122.00,1151.00,47.00,52.00,70.00,579.00,572.00,23.00,24.00,22.00,253.00,8.00,13.00,111.00,141.00
53,2020-03-25,A,1.00,177.00,,,,,,,,,34.00,,,,
53,2020-03-25,B,40.00,380.00,5.00,,,,,,,17.00,129.00,,,,
53,2020-03-25,C,36.00,239.00,11.00,,,,,,,3.00,42.00,,,,
53,2020-03-25,D,22.00,137.00,13.00,,,,,,,1.00,22.00,,,,
53,2020-03-25,E,23.00,216.00,18.00,,,,,,,1.00,26.00,,,,
75,2020-03-25,0,267.00,1932.00,99.00,106.00,161.00,1005.00,927.00,48.00,51.00,144.00,852.00,70.00,74.00,366.00,486.00
75,2020-03-25,A,5.00,242.00,5.00,,,,,,,11.00,153.00,,,,
75,2020-03-25,B,98.00,571.00,10.00,,,,,,,82.00,356.00,,,,
75,2020-03-25,C,85.00,478.00,27.00,,,,,,,37.00,170.00,,,,
75,2020-03-25,D,32.00,227.00,23.00,,,,,,,8.00,67.00,,,,
75,2020-03-25,E,47.00,414.00,34.00,,,,,,,6.00,105.00,,,,
76,2020-03-25,0,138.00,1934.00,59.00,61.00,77.00,991.00,943.00,31.00,28.00,67.00,346.00,24.00,43.00,134.00,212.00
76,2020-03-25,A,17.00,250.00,4.00,,,,,,,6.00,62.00,,,,
76,2020-03-25,B,39.00,658.00,7.00,,,,,,,49.00,170.00,,,,
76,2020-03-25,C,43.00,474.00,18.00,,,,,,,8.00,64.00,,,,
76,2020-03-25,D,20.00,213.00,13.00,,,,,,,2.00,22.00,,,,
76,2020-03-25,E,19.00,339.00,17.00,,,,,,,2.00,28.00,,,,
84,2020-03-25,0,475.00,2603.00,241.00,222.00,253.00,1336.00,1267.00,129.00,112.00,176.00,779.00,80.00,96.00,316.00,463.00
84,2020-03-25,A,1.00,343.00,1.00,,,,,,,10.00,102.00,,,,
84,2020-03-25,B,162.00,905.00,35.00,,,,,,,90.00,361.00,,,,
84,2020-03-25,C,146.00,624.00,68.00,,,,,,,39.00,145.00,,,,
84,2020-03-25,D,71.00,287.00,52.00,,,,,,,13.00,57.00,,,,
84,2020-03-25,E,95.00,444.00,85.00,,,,,,,24.00,114.00,,,,
93,2020-03-25,0,277.00,2032.00,139.00,119.00,158.00,964.00,1068.00,68.00,71.00,138.00,669.00,53.00,85.00,281.00,387.00
93,2020-03-25,A,2.00,281.00,1.00,,,,,,,17.00,124.00,,,,
93,2020-03-25,B,95.00,683.00,24.00,,,,,,,82.00,279.00,,,,
93,2020-03-25,C,93.00,527.00,42.00,,,,,,,19.00,132.00,,,,
93,2020-03-25,D,44.00,238.00,33.00,,,,,,,8.00,56.00,,,,
93,2020-03-25,E,43.00,303.00,39.00,,,,,,,12.00,77.00,,,,
94,2020-03-25,0,48.00,119.00,47.00,24.00,24.00,60.00,59.00,23.00,24.00,20.00,44.00,7.00,13.00,18.00,26.00
94,2020-03-25,A,1.00,6.00,,,,,,,,2.00,3.00,,,,
94,2020-03-25,B,19.00,50.00,19.00,,,,,,,11.00,23.00,,,,
94,2020-03-25,C,19.00,39.00,19.00,,,,,,,3.00,9.00,,,,
94,2020-03-25,D,3.00,9.00,3.00,,,,,,,3.00,6.00,,,,
94,2020-03-25,E,6.00,15.00,6.00,,,,,,,1.00,3.00,,,,
01,2020-03-26,0,7.00,162.00,3.00,2.00,5.00,68.00,94.00,1.00,2.00,,,,,,
01,2020-03-26,A,,19.00,,,,,,,,,,,,,
01,2020-03-26,B,4.00,68.00,,,,,,,,,,,,,
01,2020-03-26,C,2.00,36.00,2.00,,,,,,,,,,,,
01,2020-03-26,D,,19.00,,,,,,,,,,,,,
01,2020-03-26,E,1.00,20.00,1.00,,,,,,,,,,,,
02,2020-03-26,0,,,,,,,,,,1.00,115.00,,1.00,35.00,80.00
02,2020-03-26,A,,,,,,,,,,,13.00,,,,
02,2020-03-26,B,,,,,,,,,,1.00,35.00,,,,
02,2020-03-26,C,,,,,,,,,,,25.00,,,,
02,2020-03-26,D,,,,,,,,,,,18.00,,,,
02,2020-03-26,E,,,,,,,,,,,24.00,,,,
03,2020-03-26,0,1.00,136.00,,1.00,,77.00,59.00,,,,,,,,
03,2020-03-26,A,,21.00,,,,,,,,,,,,,
03,2020-03-26,B,,78.00,,,,,,,,,,,,,
03,2020-03-26,C,1.00,20.00,,,,,,,,,,,,,
03,2020-03-26,D,,9.00,,,,,,,,,,,,,
03,2020-03-26,E,,8.00,,,,,,,,,,,,,
04,2020-03-26,0,11.00,251.00,4.00,5.00,6.00,152.00,99.00,2.00,2.00,,,,,,
04,2020-03-26,A,,45.00,,,,,,,,,,,,,
04,2020-03-26,B,2.00,89.00,1.00,,,,,,,,,,,,
04,2020-03-26,C,6.00,66.00,1.00,,,,,,,,,,,,
04,2020-03-26,D,,23.00,,,,,,,,,,,,,
04,2020-03-26,E,3.00,28.00,2.00,,,,,,,,,,,,
06,2020-03-26,0,9.00,65.00,2.00,6.00,3.00,32.00,33.00,,2.00,,,,,,
06,2020-03-26,A,,20.00,,,,,,,,,,,,,
06,2020-03-26,B,5.00,27.00,,,,,,,,,,,,,
06,2020-03-26,C,1.00,8.00,,,,,,,,,,,,,
06,2020-03-26,D,2.00,9.00,1.00,,,,,,,,,,,,
06,2020-03-26,E,1.00,1.00,1.00,,,,,,,,,,,,
07,2020-03-26,0,,6.00,,,,5.00,1.00,,,,,,,,
07,2020-03-26,A,,2.00,,,,,,,,,,,,,
07,2020-03-26,B,,4.00,,,,,,,,,,,,,
07,2020-03-26,C,,,,,,,,,,,,,,,
07,2020-03-26,D,,,,,,,,,,,,,,,
07,2020-03-26,E,,,,,,,,,,,,,,,
08,2020-03-26,0,1.00,7.00,1.00,,1.00,3.00,4.00,,1.00,,,,,,
08,2020-03-26,A,,1.00,,,,,,,,,,,,,
08,2020-03-26,B,,3.00,,,,,,,,,,,,,
08,2020-03-26,C,1.00,3.00,1.00,,,,,,,,,,,,
08,2020-03-26,D,,,,,,,,,,,,,,,
08,2020-03-26,E,,,,,,,,,,,,,,,
11,2020-03-26,0,1649.00,4904.00,584.00,876.00,773.00,2581.00,2322.00,370.00,214.00,337.00,1078.00,153.00,184.00,476.00,601.00
11,2020-03-26,A,9.00,547.00,1.00,,,,,,,18.00,161.00,,,,
11,2020-03-26,B,637.00,1927.00,93.00,,,,,,,151.00,403.00,,,,
11,2020-03-26,C,642.00,1433.00,234.00,,,,,,,111.00,279.00,,,,
11,2020-03-26,D,184.00,447.00,117.00,,,,,,,30.00,90.00,,,,
11,2020-03-26,E,177.00,549.00,139.00,,,,,,,26.00,144.00,,,,
24,2020-03-26,0,80.00,858.00,17.00,40.00,40.00,428.00,428.00,11.00,6.00,32.00,210.00,10.00,22.00,99.00,111.00
24,2020-03-26,A,,116.00,,,,,,,,2.00,26.00,,,,
24,2020-03-26,B,22.00,300.00,2.00,,,,,,,24.00,123.00,,,,
24,2020-03-26,C,24.00,204.00,5.00,,,,,,,4.00,31.00,,,,
24,2020-03-26,D,15.00,67.00,7.00,,,,,,,1.00,10.00,,,,
24,2020-03-26,E,19.00,171.00,3.00,,,,,,,1.00,20.00,,,,
27,2020-03-26,0,313.00,1162.00,119.00,136.00,177.00,561.00,601.00,71.00,48.00,26.00,157.00,10.00,16.00,60.00,97.00
27,2020-03-26,A,3.00,113.00,1.00,,,,,,,2.00,23.00,,,,
27,2020-03-26,B,96.00,345.00,10.00,,,,,,,16.00,80.00,,,,
27,2020-03-26,C,104.00,316.00,23.00,,,,,,,6.00,35.00,,,,
27,2020-03-26,D,44.00,147.00,33.00,,,,,,,,5.00,,,,
27,2020-03-26,E,66.00,241.00,52.00,,,,,,,2.00,14.00,,,,
28,2020-03-26,0,111.00,1105.00,52.00,44.00,67.00,596.00,509.00,27.00,25.00,66.00,283.00,34.00,32.00,133.00,150.00
28,2020-03-26,A,5.00,182.00,,,,,,,,1.00,46.00,,,,
28,2020-03-26,B,47.00,373.00,14.00,,,,,,,46.00,138.00,,,,
28,2020-03-26,C,28.00,238.00,13.00,,,,,,,13.00,53.00,,,,
28,2020-03-26,D,13.00,104.00,11.00,,,,,,,3.00,15.00,,,,
28,2020-03-26,E,18.00,208.00,14.00,,,,,,,3.00,31.00,,,,
32,2020-03-26,0,285.00,1819.00,123.00,128.00,157.00,908.00,910.00,68.00,55.00,121.00,522.00,52.00,69.00,245.00,277.00
32,2020-03-26,A,15.00,279.00,3.00,,,,,,,12.00,112.00,,,,
32,2020-03-26,B,87.00,597.00,15.00,,,,,,,83.00,259.00,,,,
32,2020-03-26,C,76.00,419.00,29.00,,,,,,,21.00,100.00,,,,
32,2020-03-26,D,47.00,233.00,28.00,,,,,,,,19.00,,,,
32,2020-03-26,E,60.00,291.00,48.00,,,,,,,5.00,30.00,,,,
44,2020-03-26,0,584.00,2003.00,301.00,295.00,289.00,1036.00,967.00,192.00,109.00,201.00,636.00,81.00,120.00,283.00,353.00
44,2020-03-26,A,4.00,211.00,2.00,,,,,,,4.00,77.00,,,,
44,2020-03-26,B,145.00,556.00,17.00,,,,,,,94.00,263.00,,,,
44,2020-03-26,C,191.00,545.00,96.00,,,,,,,57.00,150.00,,,,
44,2020-03-26,D,114.00,283.00,76.00,,,,,,,28.00,71.00,,,,
44,2020-03-26,E,130.00,408.00,110.00,,,,,,,18.00,72.00,,,,
52,2020-03-26,0,171.00,992.00,91.00,86.00,85.00,504.00,488.00,48.00,43.00,71.00,349.00,26.00,45.00,157.00,192.00
52,2020-03-26,A,3.00,149.00,,,,,,,,3.00,61.00,,,,
52,2020-03-26,B,58.00,331.00,14.00,,,,,,,38.00,140.00,,,,
52,2020-03-26,C,48.00,221.00,24.00,,,,,,,17.00,60.00,,,,
52,2020-03-26,D,26.00,113.00,22.00,,,,,,,6.00,30.00,,,,
52,2020-03-26,E,36.00,178.00,31.00,,,,,,,7.00,58.00,,,,
53,2020-03-26,0,103.00,1043.00,40.00,48.00,55.00,532.00,511.00,20.00,20.00,17.00,238.00,4.00,13.00,95.00,143.00
53,2020-03-26,A,3.00,156.00,,,,,,,,1.00,40.00,,,,
53,2020-03-26,B,39.00,361.00,10.00,,,,,,,12.00,111.00,,,,
53,2020-03-26,C,33.00,252.00,7.00,,,,,,,2.00,43.00,,,,
53,2020-03-26,D,14.00,95.00,11.00,,,,,,,1.00,18.00,,,,
53,2020-03-26,E,14.00,179.00,12.00,,,,,,,1.00,26.00,,,,
75,2020-03-26,0,273.00,1925.00,112.00,117.00,156.00,982.00,943.00,61.00,51.00,149.00,782.00,67.00,82.00,331.00,451.00
75,2020-03-26,A,5.00,237.00,3.00,,,,,,,14.00,142.00,,,,
75,2020-03-26,B,103.00,597.00,15.00,,,,,,,77.00,324.00,,,,
75,2020-03-26,C,87.00,443.00,34.00,,,,,,,43.00,162.00,,,,
75,2020-03-26,D,37.00,253.00,24.00,,,,,,,7.00,48.00,,,,
75,2020-03-26,E,41.00,395.00,36.00,,,,,,,8.00,106.00,,,,
76,2020-03-26,0,146.00,1787.00,69.00,68.00,78.00,897.00,890.00,46.00,23.00,66.00,315.00,30.00,36.00,133.00,182.00
76,2020-03-26,A,22.00,196.00,7.00,,,,,,,5.00,56.00,,,,
76,2020-03-26,B,43.00,612.00,8.00,,,,,,,38.00,157.00,,,,
76,2020-03-26,C,33.00,445.00,13.00,,,,,,,17.00,65.00,,,,
76,2020-03-26,D,13.00,193.00,10.00,,,,,,,5.00,16.00,,,,
76,2020-03-26,E,35.00,341.00,31.00,,,,,,,1.00,21.00,,,,
84,2020-03-26,0,502.00,2493.00,272.00,234.00,268.00,1255.00,1238.00,148.00,124.00,150.00,716.00,61.00,89.00,310.00,406.00
84,2020-03-26,A,2.00,311.00,1.00,,,,,,,9.00,90.00,,,,
84,2020-03-26,B,154.00,863.00,35.00,,,,,,,63.00,294.00,,,,
84,2020-03-26,C,164.00,590.00,82.00,,,,,,,47.00,158.00,,,,
84,2020-03-26,D,81.00,287.00,68.00,,,,,,,14.00,64.00,,,,
84,2020-03-26,E,101.00,442.00,86.00,,,,,,,17.00,109.00,,,,
93,2020-03-26,0,291.00,1998.00,152.00,129.00,162.00,978.00,1020.00,81.00,71.00,142.00,688.00,53.00,89.00,271.00,417.00
93,2020-03-26,A,5.00,248.00,1.00,,,,,,,26.00,153.00,,,,
93,2020-03-26,B,87.00,704.00,23.00,,,,,,,67.00,249.00,,,,
93,2020-03-26,C,101.00,507.00,48.00,,,,,,,33.00,142.00,,,,
93,2020-03-26,D,41.00,202.00,29.00,,,,,,,6.00,48.00,,,,
93,2020-03-26,E,57.00,337.00,51.00,,,,,,,10.00,96.00,,,,
94,2020-03-26,0,67.00,153.00,67.00,27.00,40.00,63.00,90.00,27.00,40.00,15.00,36.00,10.00,5.00,17.00,19.00
94,2020-03-26,A,1.00,6.00,1.00,,,,,,,1.00,2.00,,,,
94,2020-03-26,B,29.00,60.00,29.00,,,,,,,12.00,21.00,,,,
94,2020-03-26,C,29.00,51.00,29.00,,,,,,,1.00,7.00,,,,
94,2020-03-26,D,6.00,17.00,6.00,,,,,,,,2.00,,,,
94,2020-03-26,E,2.00,19.00,2.00,,,,,,,1.00,4.00,,,,
01,2020-03-27,0,7.00,138.00,2.00,3.00,4.00,62.00,76.00,1.00,1.00,,,,,,
01,2020-03-27,A,1.00,23.00,,,,,,,,,,,,,
01,2020-03-27,B,5.00,57.00,1.00,,,,,,,,,,,,
01,2020-03-27,C,,32.00,,,,,,,,,,,,,
01,2020-03-27,D,1.00,8.00,1.00,,,,,,,,,,,,
01,2020-03-27,E,,18.00,,,,,,,,,,,,,
02,2020-03-27,0,,,,,,,,,,,95.00,,,29.00,66.00
02,2020-03-27,A,,,,,,,,,,,11.00,,,,
02,2020-03-27,B,,,,,,,,,,,29.00,,,,
02,2020-03-27,C,,,,,,,,,,,21.00,,,,
02,2020-03-27,D,,,,,,,,,,,13.00,,,,
02,2020-03-27,E,,,,,,,,,,,21.00,,,,
03,2020-03-27,0,1.00,162.00,,1.00,,84.00,78.00,,,,,,,,
03,2020-03-27,A,1.00,40.00,,,,,,,,,,,,,
03,2020-03-27,B,,76.00,,,,,,,,,,,,,
03,2020-03-27,C,,28.00,,,,,,,,,,,,,
03,2020-03-27,D,,11.00,,,,,,,,,,,,,
03,2020-03-27,E,,7.00,,,,,,,,,,,,,
04,2020-03-27,0,6.00,261.00,3.00,4.00,2.00,149.00,112.00,2.00,1.00,,,,,,
04,2020-03-27,A,,57.00,,,,,,,,,,,,,
04,2020-03-27,B,2.00,83.00,,,,,,,,,,,,,
04,2020-03-27,C,4.00,73.00,3.00,,,,,,,,,,,,
04,2020-03-27,D,,20.00,,,,,,,,,,,,,
04,2020-03-27,E,,28.00,,,,,,,,,,,,,
06,2020-03-27,0,22.00,91.00,3.00,10.00,12.00,53.00,38.00,1.00,2.00,,,,,,
06,2020-03-27,A,1.00,13.00,,,,,,,,,,,,,
06,2020-03-27,B,12.00,49.00,2.00,,,,,,,,,,,,
06,2020-03-27,C,8.00,22.00,1.00,,,,,,,,,,,,
06,2020-03-27,D,1.00,5.00,,,,,,,,,,,,,
06,2020-03-27,E,,2.00,,,,,,,,,,,,,
07,2020-03-27,0,1.00,12.00,1.00,1.00,,8.00,4.00,1.00,,,,,,,
07,2020-03-27,A,,,,,,,,,,,,,,,
07,2020-03-27,B,1.00,6.00,1.00,,,,,,,,,,,,
07,2020-03-27,C,,4.00,,,,,,,,,,,,,
07,2020-03-27,D,,1.00,,,,,,,,,,,,,
07,2020-03-27,E,,1.00,,,,,,,,,,,,,
08,2020-03-27,0,2.00,13.00,1.00,1.00,1.00,9.00,4.00,1.00,,,,,,,
08,2020-03-27,A,1.00,1.00,1.00,,,,,,,,,,,,
08,2020-03-27,B,,5.00,,,,,,,,,,,,,
08,2020-03-27,C,1.00,4.00,,,,,,,,,,,,,
08,2020-03-27,D,,2.00,,,,,,,,,,,,,
08,2020-03-27,E,,1.00,,,,,,,,,,,,,
11,2020-03-27,0,2054.00,5536.00,714.00,1057.00,997.00,2933.00,2603.00,453.00,261.00,413.00,1270.00,194.00,219.00,556.00,712.00
11,2020-03-27,A,18.00,615.00,7.00,,,,,,,20.00,185.00,,,,
11,2020-03-27,B,810.00,2210.00,104.00,,,,,,,185.00,504.00,,,,
11,2020-03-27,C,794.00,1664.00,296.00,,,,,,,141.00,342.00,,,,
11,2020-03-27,D,221.00,455.00,141.00,,,,,,,43.00,113.00,,,,
11,2020-03-27,E,211.00,592.00,166.00,,,,,,,24.00,125.00,,,,
24,2020-03-27,0,117.00,979.00,43.00,50.00,67.00,492.00,487.00,22.00,21.00,12.00,211.00,4.00,8.00,95.00,116.00
24,2020-03-27,A,,119.00,,,,,,,,,33.00,,,,
24,2020-03-27,B,32.00,331.00,3.00,,,,,,,10.00,114.00,,,,
24,2020-03-27,C,42.00,222.00,15.00,,,,,,,1.00,36.00,,,,
24,2020-03-27,D,17.00,103.00,9.00,,,,,,,1.00,15.00,,,,
24,2020-03-27,E,26.00,204.00,16.00,,,,,,,,12.00,,,,
27,2020-03-27,0,366.00,1263.00,180.00,158.00,208.00,614.00,649.00,103.00,77.00,76.00,204.00,26.00,50.00,75.00,129.00
27,2020-03-27,A,4.00,129.00,1.00,,,,,,,6.00,22.00,,,,
27,2020-03-27,B,119.00,392.00,21.00,,,,,,,45.00,105.00,,,,
27,2020-03-27,C,111.00,320.00,53.00,,,,,,,20.00,46.00,,,,
27,2020-03-27,D,59.00,174.00,48.00,,,,,,,4.00,16.00,,,,
27,2020-03-27,E,73.00,248.00,57.00,,,,,,,1.00,15.00,,,,
28,2020-03-27,0,141.00,1284.00,37.00,60.00,81.00,648.00,636.00,23.00,14.00,108.00,295.00,37.00,71.00,106.00,189.00
28,2020-03-27,A,7.00,200.00,,,,,,,,9.00,50.00,,,,
28,2020-03-27,B,53.00,429.00,6.00,,,,,,,74.00,155.00,,,,
28,2020-03-27,C,50.00,304.00,12.00,,,,,,,20.00,53.00,,,,
28,2020-03-27,D,12.00,122.00,8.00,,,,,,,2.00,11.00,,,,
28,2020-03-27,E,19.00,229.00,11.00,,,,,,,3.00,26.00,,,,
32,2020-03-27,0,424.00,2065.00,138.00,186.00,238.00,1004.00,1061.00,75.00,63.00,143.00,658.00,56.00,87.00,276.00,381.00
32,2020-03-27,A,13.00,261.00,3.00,,,,,,,18.00,126.00,,,,
32,2020-03-27,B,158.00,771.00,27.00,,,,,,,91.00,349.00,,,,
32,2020-03-27,C,135.00,494.00,35.00,,,,,,,22.00,101.00,,,,
32,2020-03-27,D,53.00,224.00,30.00,,,,,,,4.00,29.00,,,,
32,2020-03-27,E,65.00,315.00,43.00,,,,,,,8.00,49.00,,,,
44,2020-03-27,0,601.00,2125.00,350.00,294.00,307.00,1073.00,1051.00,220.00,130.00,206.00,678.00,76.00,128.00,282.00,394.00
44,2020-03-27,A,4.00,239.00,1.00,,,,,,,8.00,77.00,,,,
44,2020-03-27,B,155.00,621.00,30.00,,,,,,,112.00,326.00,,,,
44,2020-03-27,C,202.00,573.00,115.00,,,,,,,54.00,154.00,,,,
44,2020-03-27,D,111.00,289.00,90.00,,,,,,,13.00,44.00,,,,
44,2020-03-27,E,129.00,403.00,114.00,,,,,,,19.00,77.00,,,,
52,2020-03-27,0,229.00,1125.00,105.00,97.00,132.00,557.00,568.00,55.00,50.00,94.00,390.00,29.00,65.00,164.00,226.00
52,2020-03-27,A,5.00,158.00,1.00,,,,,,,12.00,85.00,,,,
52,2020-03-27,B,84.00,375.00,17.00,,,,,,,52.00,166.00,,,,
52,2020-03-27,C,64.00,269.00,26.00,,,,,,,17.00,66.00,,,,
52,2020-03-27,D,29.00,118.00,20.00,,,,,,,7.00,24.00,,,,
52,2020-03-27,E,47.00,205.00,41.00,,,,,,,6.00,48.00,,,,
53,2020-03-27,0,123.00,1178.00,42.00,45.00,78.00,584.00,594.00,22.00,20.00,34.00,268.00,9.00,25.00,106.00,162.00
53,2020-03-27,A,5.00,174.00,3.00,,,,,,,3.00,33.00,,,,
53,2020-03-27,B,53.00,386.00,3.00,,,,,,,21.00,132.00,,,,
53,2020-03-27,C,35.00,257.00,14.00,,,,,,,6.00,59.00,,,,
53,2020-03-27,D,14.00,124.00,9.00,,,,,,,3.00,16.00,,,,
53,2020-03-27,E,16.00,237.00,13.00,,,,,,,1.00,28.00,,,,
75,2020-03-27,0,331.00,2089.00,142.00,145.00,186.00,1061.00,1028.00,77.00,65.00,237.00,1007.00,96.00,141.00,445.00,562.00
75,2020-03-27,A,9.00,258.00,5.00,,,,,,,21.00,189.00,,,,
75,2020-03-27,B,119.00,652.00,26.00,,,,,,,132.00,435.00,,,,
75,2020-03-27,C,108.00,502.00,41.00,,,,,,,62.00,212.00,,,,
75,2020-03-27,D,39.00,237.00,24.00,,,,,,,11.00,74.00,,,,
75,2020-03-27,E,56.00,440.00,46.00,,,,,,,11.00,97.00,,,,
76,2020-03-27,0,168.00,2125.00,75.00,77.00,91.00,1087.00,1038.00,43.00,32.00,89.00,342.00,40.00,49.00,134.00,208.00
76,2020-03-27,A,15.00,226.00,4.00,,,,,,,11.00,56.00,,,,
76,2020-03-27,B,40.00,754.00,7.00,,,,,,,55.00,178.00,,,,
76,2020-03-27,C,58.00,542.00,27.00,,,,,,,13.00,58.00,,,,
76,2020-03-27,D,25.00,250.00,18.00,,,,,,,6.00,24.00,,,,
76,2020-03-27,E,30.00,353.00,19.00,,,,,,,4.00,26.00,,,,
84,2020-03-27,0,715.00,2893.00,346.00,321.00,394.00,1413.00,1480.00,188.00,158.00,173.00,776.00,70.00,103.00,315.00,461.00
84,2020-03-27,A,3.00,359.00,1.00,,,,,,,13.00,113.00,,,,
84,2020-03-27,B,244.00,987.00,45.00,,,,,,,96.00,354.00,,,,
84,2020-03-27,C,225.00,711.00,108.00,,,,,,,41.00,150.00,,,,
84,2020-03-27,D,93.00,301.00,66.00,,,,,,,17.00,63.00,,,,
84,2020-03-27,E,150.00,535.00,126.00,,,,,,,6.00,96.00,,,,
93,2020-03-27,0,360.00,2369.00,204.00,162.00,198.00,1143.00,1226.00,106.00,98.00,175.00,727.00,61.00,114.00,285.00,442.00
93,2020-03-27,A,3.00,253.00,,,,,,,,15.00,131.00,,,,
93,2020-03-27,B,111.00,857.00,32.00,,,,,,,83.00,330.00,,,,
93,2020-03-27,C,124.00,632.00,68.00,,,,,,,52.00,144.00,,,,
93,2020-03-27,D,49.00,220.00,37.00,,,,,,,11.00,50.00,,,,
93,2020-03-27,E,73.00,407.00,67.00,,,,,,,13.00,70.00,,,,
94,2020-03-27,0,70.00,149.00,68.00,29.00,41.00,66.00,83.00,28.00,40.00,18.00,38.00,7.00,11.00,18.00,20.00
94,2020-03-27,A,1.00,11.00,1.00,,,,,,,2.00,8.00,,,,
94,2020-03-27,B,34.00,63.00,33.00,,,,,,,9.00,18.00,,,,
94,2020-03-27,C,15.00,34.00,14.00,,,,,,,5.00,8.00,,,,
94,2020-03-27,D,6.00,14.00,6.00,,,,,,,1.00,3.00,,,,
94,2020-03-27,E,14.00,27.00,14.00,,,,,,,1.00,1.00,,,,
01,2020-03-28,0,7.00,159.00,4.00,2.00,5.00,76.00,83.00,2.00,2.00,,,,,,
01,2020-03-28,A,,25.00,,,,,,,,,,,,,
01,2020-03-28,B,3.00,61.00,,,,,,,,,,,,,
01,2020-03-28,C,2.00,43.00,2.00,,,,,,,,,,,,
01,2020-03-28,D,1.00,12.00,1.00,,,,,,,,,,,,
01,2020-03-28,E,1.00,18.00,1.00,,,,,,,,,,,,
02,2020-03-28,0,,,,,,,,,,4.00,89.00,2.00,2.00,40.00,49.00
02,2020-03-28,A,,,,,,,,,,1.00,10.00,,,,
02,2020-03-28,B,,,,,,,,,,2.00,29.00,,,,
02,2020-03-28,C,,,,,,,,,,1.00,22.00,,,,
02,2020-03-28,D,,,,,,,,,,,11.00,,,,
02,2020-03-28,E,,,,,,,,,,,17.00,,,,
03,2020-03-28,0,1.00,169.00,1.00,1.00,,89.00,80.00,1.00,,,,,,,
03,2020-03-28,A,,43.00,,,,,,,,,,,,,
03,2020-03-28,B,,76.00,,,,,,,,,,,,,
03,2020-03-28,C,,39.00,,,,,,,,,,,,,
03,2020-03-28,D,1.00,7.00,1.00,,,,,,,,,,,,
03,2020-03-28,E,,4.00,,,,,,,,,,,,,
04,2020-03-28,0,8.00,286.00,5.00,3.00,5.00,158.00,128.00,2.00,3.00,,,,,,
04,2020-03-28,A,,44.00,,,,,,,,,,,,,
04,2020-03-28,B,5.00,104.00,2.00,,,,,,,,,,,,
04,2020-03-28,C,1.00,75.00,1.00,,,,,,,,,,,,
04,2020-03-28,D,1.00,25.00,1.00,,,,,,,,,,,,
04,2020-03-28,E,1.00,38.00,1.00,,,,,,,,,,,,
06,2020-03-28,0,6.00,74.00,2.00,3.00,3.00,42.00,32.00,1.00,1.00,,,,,,
06,2020-03-28,A,1.00,17.00,,,,,,,,,,,,,
06,2020-03-28,B,4.00,38.00,2.00,,,,,,,,,,,,
06,2020-03-28,C,,16.00,,,,,,,,,,,,,
06,2020-03-28,D,1.00,3.00,,,,,,,,,,,,,
06,2020-03-28,E,,,,,,,,,,,,,,,
07,2020-03-28,0,,9.00,,,,5.00,4.00,,,,,,,,
07,2020-03-28,A,,2.00,,,,,,,,,,,,,
07,2020-03-28,B,,4.00,,,,,,,,,,,,,
07,2020-03-28,C,,3.00,,,,,,,,,,,,,
07,2020-03-28,D,,,,,,,,,,,,,,,
07,2020-03-28,E,,,,,,,,,,,,,,,
08,2020-03-28,0,6.00,11.00,4.00,4.00,2.00,8.00,3.00,2.00,2.00,,,,,,
08,2020-03-28,A,,1.00,,,,,,,,,,,,,
08,2020-03-28,B,,3.00,,,,,,,,,,,,,
08,2020-03-28,C,5.00,5.00,3.00,,,,,,,,,,,,
08,2020-03-28,D,1.00,1.00,1.00,,,,,,,,,,,,
08,2020-03-28,E,,1.00,,,,,,,,,,,,,
11,2020-03-28,0,1727.00,5193.00,543.00,884.00,843.00,2796.00,2396.00,355.00,188.00,518.00,1722.00,212.00,306.00,709.00,1013.00
11,2020-03-28,A,14.00,584.00,3.00,,,,,,,23.00,245.00,,,,
11,2020-03-28,B,742.00,2187.00,101.00,,,,,,,251.00,697.00,,,,
11,2020-03-28,C,620.00,1476.00,203.00,,,,,,,168.00,428.00,,,,
11,2020-03-28,D,179.00,427.00,100.00,,,,,,,36.00,147.00,,,,
11,2020-03-28,E,172.00,519.00,136.00,,,,,,,32.00,182.00,,,,
24,2020-03-28,0,109.00,920.00,33.00,44.00,65.00,451.00,469.00,16.00,17.00,33.00,333.00,16.00,17.00,149.00,183.00
24,2020-03-28,A,2.00,136.00,,,,,,,,1.00,54.00,,,,
24,2020-03-28,B,44.00,329.00,6.00,,,,,,,24.00,172.00,,,,
24,2020-03-28,C,26.00,205.00,7.00,,,,,,,7.00,65.00,,,,
24,2020-03-28,D,13.00,83.00,7.00,,,,,,,1.00,16.00,,,,
24,2020-03-28,E,24.00,167.00,13.00,,,,,,,,23.00,,,,
27,2020-03-28,0,315.00,1186.00,129.00,132.00,183.00,566.00,620.00,73.00,56.00,63.00,286.00,20.00,43.00,118.00,168.00
27,2020-03-28,A,9.00,113.00,3.00,,,,,,,1.00,39.00,,,,
27,2020-03-28,B,103.00,399.00,14.00,,,,,,,35.00,131.00,,,,
27,2020-03-28,C,100.00,302.00,35.00,,,,,,,21.00,61.00,,,,
27,2020-03-28,D,46.00,154.00,29.00,,,,,,,4.00,27.00,,,,
27,2020-03-28,E,57.00,218.00,48.00,,,,,,,2.00,28.00,,,,
28,2020-03-28,0,122.00,1218.00,41.00,39.00,83.00,627.00,589.00,15.00,26.00,170.00,553.00,64.00,106.00,224.00,329.00
28,2020-03-28,A,4.00,181.00,,,,,,,,10.00,106.00,,,,
28,2020-03-28,B,44.00,432.00,6.00,,,,,,,117.00,277.00,,,,
28,2020-03-28,C,41.00,276.00,13.00,,,,,,,31.00,90.00,,,,
28,2020-03-28,D,14.00,121.00,10.00,,,,,,,4.00,32.00,,,,
28,2020-03-28,E,19.00,208.00,12.00,,,,,,,8.00,48.00,,,,
32,2020-03-28,0,342.00,1907.00,114.00,148.00,194.00,969.00,938.00,55.00,59.00,224.00,935.00,92.00,132.00,403.00,532.00
32,2020-03-28,A,16.00,252.00,3.00,,,,,,,21.00,195.00,,,,
32,2020-03-28,B,134.00,775.00,15.00,,,,,,,114.00,423.00,,,,
32,2020-03-28,C,94.00,427.00,28.00,,,,,,,55.00,189.00,,,,
32,2020-03-28,D,46.00,175.00,28.00,,,,,,,11.00,48.00,,,,
32,2020-03-28,E,52.00,278.00,40.00,,,,,,,22.00,75.00,,,,
44,2020-03-28,0,606.00,2327.00,274.00,276.00,330.00,1131.00,1195.00,162.00,112.00,299.00,927.00,124.00,175.00,404.00,522.00
44,2020-03-28,A,4.00,285.00,2.00,,,,,,,11.00,100.00,,,,
44,2020-03-28,B,185.00,786.00,22.00,,,,,,,165.00,455.00,,,,
44,2020-03-28,C,206.00,603.00,79.00,,,,,,,78.00,189.00,,,,
44,2020-03-28,D,92.00,243.00,72.00,,,,,,,28.00,76.00,,,,
44,2020-03-28,E,119.00,410.00,99.00,,,,,,,17.00,105.00,,,,
52,2020-03-28,0,203.00,1068.00,92.00,84.00,119.00,563.00,505.00,44.00,48.00,133.00,532.00,47.00,86.00,212.00,320.00
52,2020-03-28,A,6.00,142.00,,,,,,,,18.00,93.00,,,,
52,2020-03-28,B,80.00,360.00,20.00,,,,,,,84.00,252.00,,,,
52,2020-03-28,C,61.00,295.00,26.00,,,,,,,20.00,80.00,,,,
52,2020-03-28,D,19.00,101.00,14.00,,,,,,,8.00,41.00,,,,
52,2020-03-28,E,37.00,170.00,32.00,,,,,,,3.00,64.00,,,,
53,2020-03-28,0,123.00,1178.00,45.00,48.00,75.00,568.00,610.00,20.00,25.00,59.00,466.00,22.00,37.00,194.00,272.00
53,2020-03-28,A,5.00,165.00,,,,,,,,4.00,68.00,,,,
53,2020-03-28,B,61.00,436.00,11.00,,,,,,,37.00,224.00,,,,
53,2020-03-28,C,28.00,263.00,11.00,,,,,,,10.00,62.00,,,,
53,2020-03-28,D,14.00,111.00,11.00,,,,,,,4.00,38.00,,,,
53,2020-03-28,E,15.00,203.00,12.00,,,,,,,4.00,74.00,,,,
75,2020-03-28,0,306.00,2192.00,118.00,130.00,176.00,1045.00,1146.00,58.00,60.00,322.00,1380.00,123.00,199.00,555.00,825.00
75,2020-03-28,A,5.00,253.00,3.00,,,,,,,21.00,205.00,,,,
75,2020-03-28,B,135.00,760.00,24.00,,,,,,,194.00,655.00,,,,
75,2020-03-28,C,91.00,538.00,34.00,,,,,,,85.00,300.00,,,,
75,2020-03-28,D,29.00,222.00,20.00,,,,,,,12.00,79.00,,,,
75,2020-03-28,E,46.00,419.00,37.00,,,,,,,10.00,139.00,,,,
76,2020-03-28,0,269.00,2080.00,132.00,116.00,153.00,1015.00,1065.00,66.00,66.00,130.00,563.00,46.00,84.00,221.00,341.00
76,2020-03-28,A,16.00,270.00,2.00,,,,,,,16.00,97.00,,,,
76,2020-03-28,B,91.00,779.00,26.00,,,,,,,73.00,268.00,,,,
76,2020-03-28,C,79.00,459.00,40.00,,,,,,,32.00,116.00,,,,
76,2020-03-28,D,35.00,210.00,25.00,,,,,,,3.00,27.00,,,,
76,2020-03-28,E,48.00,362.00,39.00,,,,,,,6.00,55.00,,,,
84,2020-03-28,0,600.00,2769.00,232.00,262.00,338.00,1362.00,1407.00,122.00,110.00,271.00,1096.00,105.00,163.00,466.00,622.00
84,2020-03-28,A,7.00,344.00,,,,,,,,19.00,158.00,,,,
84,2020-03-28,B,242.00,1055.00,39.00,,,,,,,140.00,478.00,,,,
84,2020-03-28,C,171.00,661.00,52.00,,,,,,,68.00,215.00,,,,
84,2020-03-28,D,74.00,273.00,48.00,,,,,,,18.00,88.00,,,,
84,2020-03-28,E,106.00,436.00,93.00,,,,,,,25.00,156.00,,,,
93,2020-03-28,0,316.00,2382.00,182.00,146.00,170.00,1149.00,1233.00,99.00,83.00,228.00,1021.00,81.00,146.00,401.00,619.00
93,2020-03-28,A,2.00,328.00,1.00,,,,,,,13.00,172.00,,,,
93,2020-03-28,B,109.00,829.00,38.00,,,,,,,118.00,424.00,,,,
93,2020-03-28,C,104.00,601.00,56.00,,,,,,,59.00,211.00,,,,
93,2020-03-28,D,41.00,240.00,34.00,,,,,,,21.00,81.00,,,,
93,2020-03-28,E,60.00,384.00,53.00,,,,,,,17.00,131.00,,,,
94,2020-03-28,0,41.00,126.00,41.00,21.00,20.00,70.00,56.00,21.00,20.00,31.00,63.00,11.00,20.00,25.00,38.00
94,2020-03-28,A,2.00,14.00,2.00,,,,,,,1.00,9.00,,,,
94,2020-03-28,B,13.00,38.00,13.00,,,,,,,13.00,26.00,,,,
94,2020-03-28,C,13.00,39.00,13.00,,,,,,,14.00,22.00,,,,
94,2020-03-28,D,6.00,15.00,6.00,,,,,,,,1.00,,,,
94,2020-03-28,E,7.00,20.00,7.00,,,,,,,3.00,5.00,,,,
01,2020-03-29,0,3.00,119.00,,2.00,1.00,65.00,54.00,,,,,,,,
01,2020-03-29,A,,18.00,,,,,,,,,,,,,
01,2020-03-29,B,1.00,45.00,,,,,,,,,,,,,
01,2020-03-29,C,2.00,27.00,,,,,,,,,,,,,
01,2020-03-29,D,,7.00,,,,,,,,,,,,,
01,2020-03-29,E,,22.00,,,,,,,,,,,,,
02,2020-03-29,0,,,,,,,,,,8.00,108.00,4.00,4.00,40.00,68.00
02,2020-03-29,A,,,,,,,,,,2.00,17.00,,,,
02,2020-03-29,B,,,,,,,,,,6.00,29.00,,,,
02,2020-03-29,C,,,,,,,,,,,28.00,,,,
02,2020-03-29,D,,,,,,,,,,,10.00,,,,
02,2020-03-29,E,,,,,,,,,,,24.00,,,,
03,2020-03-29,0,1.00,126.00,,,1.00,56.00,70.00,,,,,,,,
03,2020-03-29,A,,32.00,,,,,,,,,,,,,
03,2020-03-29,B,1.00,58.00,,,,,,,,,,,,,
03,2020-03-29,C,,23.00,,,,,,,,,,,,,
03,2020-03-29,D,,6.00,,,,,,,,,,,,,
03,2020-03-29,E,,7.00,,,,,,,,,,,,,
04,2020-03-29,0,7.00,284.00,5.00,4.00,3.00,144.00,140.00,4.00,1.00,,,,,,
04,2020-03-29,A,,57.00,,,,,,,,,,,,,
04,2020-03-29,B,3.00,97.00,2.00,,,,,,,,,,,,
04,2020-03-29,C,3.00,79.00,2.00,,,,,,,,,,,,
04,2020-03-29,D,1.00,26.00,1.00,,,,,,,,,,,,
04,2020-03-29,E,,25.00,,,,,,,,,,,,,
06,2020-03-29,0,10.00,89.00,1.00,4.00,6.00,47.00,42.00,1.00,,,,,,,
06,2020-03-29,A,,31.00,,,,,,,,,,,,,
06,2020-03-29,B,6.00,36.00,,,,,,,,,,,,,
06,2020-03-29,C,4.00,16.00,1.00,,,,,,,,,,,,
06,2020-03-29,D,,4.00,,,,,,,,,,,,,
06,2020-03-29,E,,2.00,,,,,,,,,,,,,
07,2020-03-29,0,,11.00,,,,7.00,4.00,,,,,,,,
07,2020-03-29,A,,2.00,,,,,,,,,,,,,
07,2020-03-29,B,,6.00,,,,,,,,,,,,,
07,2020-03-29,C,,3.00,,,,,,,,,,,,,
07,2020-03-29,D,,,,,,,,,,,,,,,
07,2020-03-29,E,,,,,,,,,,,,,,,
08,2020-03-29,0,1.00,9.00,1.00,,1.00,6.00,3.00,,1.00,,,,,,
08,2020-03-29,A,,1.00,,,,,,,,,,,,,
08,2020-03-29,B,,3.00,,,,,,,,,,,,,
08,2020-03-29,C,1.00,4.00,1.00,,,,,,,,,,,,
08,2020-03-29,D,,1.00,,,,,,,,,,,,,
08,2020-03-29,E,,,,,,,,,,,,,,,
11,2020-03-29,0,1386.00,4056.00,465.00,716.00,670.00,2128.00,1928.00,282.00,183.00,431.00,1577.00,175.00,256.00,658.00,914.00
11,2020-03-29,A,11.00,456.00,5.00,,,,,,,27.00,238.00,,,,
11,2020-03-29,B,600.00,1758.00,75.00,,,,,,,193.00,624.00,,,,
11,2020-03-29,C,490.00,1114.00,174.00,,,,,,,128.00,391.00,,,,
11,2020-03-29,D,145.00,331.00,88.00,,,,,,,40.00,131.00,,,,
11,2020-03-29,E,140.00,397.00,123.00,,,,,,,41.00,183.00,,,,
24,2020-03-29,0,95.00,655.00,32.00,42.00,53.00,317.00,338.00,14.00,18.00,21.00,217.00,8.00,13.00,87.00,130.00
24,2020-03-29,A,3.00,81.00,,,,,,,,1.00,33.00,,,,
24,2020-03-29,B,37.00,246.00,11.00,,,,,,,16.00,118.00,,,,
24,2020-03-29,C,22.00,146.00,11.00,,,,,,,3.00,40.00,,,,
24,2020-03-29,D,12.00,62.00,3.00,,,,,,,1.00,15.00,,,,
24,2020-03-29,E,21.00,120.00,7.00,,,,,,,,11.00,,,,
27,2020-03-29,0,245.00,973.00,85.00,100.00,145.00,449.00,524.00,45.00,40.00,65.00,276.00,28.00,37.00,120.00,155.00
27,2020-03-29,A,9.00,100.00,1.00,,,,,,,3.00,47.00,,,,
27,2020-03-29,B,92.00,334.00,12.00,,,,,,,40.00,130.00,,,,
27,2020-03-29,C,70.00,238.00,25.00,,,,,,,16.00,52.00,,,,
27,2020-03-29,D,28.00,104.00,13.00,,,,,,,5.00,24.00,,,,
27,2020-03-29,E,46.00,197.00,34.00,,,,,,,1.00,22.00,,,,
28,2020-03-29,0,99.00,882.00,36.00,45.00,54.00,446.00,436.00,21.00,15.00,107.00,406.00,35.00,72.00,156.00,250.00
28,2020-03-29,A,5.00,160.00,,,,,,,,6.00,58.00,,,,
28,2020-03-29,B,45.00,337.00,7.00,,,,,,,75.00,205.00,,,,
28,2020-03-29,C,24.00,162.00,11.00,,,,,,,15.00,65.00,,,,
28,2020-03-29,D,10.00,80.00,8.00,,,,,,,7.00,33.00,,,,
28,2020-03-29,E,15.00,143.00,10.00,,,,,,,4.00,45.00,,,,
32,2020-03-29,0,282.00,1462.00,95.00,130.00,152.00,696.00,764.00,54.00,41.00,126.00,634.00,53.00,73.00,303.00,331.00
32,2020-03-29,A,6.00,210.00,1.00,,,,,,,15.00,147.00,,,,
32,2020-03-29,B,96.00,567.00,9.00,,,,,,,58.00,288.00,,,,
32,2020-03-29,C,78.00,315.00,21.00,,,,,,,36.00,125.00,,,,
32,2020-03-29,D,48.00,146.00,28.00,,,,,,,8.00,36.00,,,,
32,2020-03-29,E,54.00,224.00,36.00,,,,,,,9.00,38.00,,,,
44,2020-03-29,0,452.00,1688.00,202.00,192.00,260.00,824.00,864.00,111.00,91.00,265.00,891.00,110.00,155.00,369.00,522.00
44,2020-03-29,A,,181.00,,,,,,,,6.00,104.00,,,,
44,2020-03-29,B,142.00,554.00,16.00,,,,,,,132.00,388.00,,,,
44,2020-03-29,C,156.00,455.00,61.00,,,,,,,72.00,188.00,,,,
44,2020-03-29,D,49.00,186.00,39.00,,,,,,,28.00,87.00,,,,
44,2020-03-29,E,105.00,312.00,86.00,,,,,,,27.00,124.00,,,,
52,2020-03-29,0,176.00,822.00,84.00,66.00,110.00,405.00,417.00,37.00,47.00,89.00,450.00,26.00,63.00,186.00,264.00
52,2020-03-29,A,3.00,117.00,1.00,,,,,,,6.00,90.00,,,,
52,2020-03-29,B,68.00,258.00,16.00,,,,,,,40.00,189.00,,,,
52,2020-03-29,C,53.00,221.00,24.00,,,,,,,21.00,89.00,,,,
52,2020-03-29,D,20.00,77.00,14.00,,,,,,,7.00,23.00,,,,
52,2020-03-29,E,32.00,149.00,29.00,,,,,,,15.00,59.00,,,,
53,2020-03-29,0,83.00,870.00,29.00,32.00,51.00,431.00,439.00,15.00,14.00,75.00,401.00,27.00,48.00,161.00,240.00
53,2020-03-29,A,2.00,127.00,,,,,,,,6.00,61.00,,,,
53,2020-03-29,B,40.00,300.00,10.00,,,,,,,38.00,168.00,,,,
53,2020-03-29,C,24.00,206.00,9.00,,,,,,,21.00,71.00,,,,
53,2020-03-29,D,7.00,84.00,3.00,,,,,,,5.00,35.00,,,,
53,2020-03-29,E,10.00,153.00,7.00,,,,,,,5.00,66.00,,,,
75,2020-03-29,0,200.00,1707.00,78.00,73.00,127.00,817.00,890.00,35.00,43.00,236.00,1125.00,92.00,144.00,436.00,689.00
75,2020-03-29,A,3.00,226.00,1.00,,,,,,,18.00,191.00,,,,
75,2020-03-29,B,96.00,598.00,13.00,,,,,,,141.00,511.00,,,,
75,2020-03-29,C,43.00,389.00,19.00,,,,,,,49.00,221.00,,,,
75,2020-03-29,D,21.00,159.00,15.00,,,,,,,17.00,82.00,,,,
75,2020-03-29,E,37.00,335.00,30.00,,,,,,,11.00,119.00,,,,
76,2020-03-29,0,254.00,1881.00,122.00,96.00,158.00,921.00,960.00,52.00,70.00,117.00,487.00,43.00,74.00,187.00,299.00
76,2020-03-29,A,22.00,246.00,7.00,,,,,,,13.00,83.00,,,,
76,2020-03-29,B,106.00,705.00,31.00,,,,,,,73.00,249.00,,,,
76,2020-03-29,C,61.00,437.00,31.00,,,,,,,23.00,88.00,,,,
76,2020-03-29,D,22.00,179.00,16.00,,,,,,,4.00,28.00,,,,
76,2020-03-29,E,43.00,314.00,37.00,,,,,,,4.00,39.00,,,,
84,2020-03-29,0,498.00,2424.00,200.00,206.00,292.00,1145.00,1279.00,101.00,99.00,188.00,947.00,67.00,121.00,387.00,557.00
84,2020-03-29,A,4.00,337.00,1.00,,,,,,,10.00,149.00,,,,
84,2020-03-29,B,195.00,909.00,28.00,,,,,,,108.00,417.00,,,,
84,2020-03-29,C,165.00,603.00,66.00,,,,,,,46.00,199.00,,,,
84,2020-03-29,D,47.00,204.00,32.00,,,,,,,8.00,56.00,,,,
84,2020-03-29,E,87.00,371.00,73.00,,,,,,,16.00,126.00,,,,
93,2020-03-29,0,278.00,2074.00,152.00,114.00,164.00,1025.00,1049.00,74.00,78.00,219.00,905.00,76.00,143.00,356.00,549.00
93,2020-03-29,A,4.00,269.00,,,,,,,,16.00,146.00,,,,
93,2020-03-29,B,90.00,706.00,33.00,,,,,,,107.00,360.00,,,,
93,2020-03-29,C,111.00,553.00,55.00,,,,,,,71.00,217.00,,,,
93,2020-03-29,D,30.00,207.00,26.00,,,,,,,13.00,75.00,,,,
93,2020-03-29,E,43.00,339.00,38.00,,,,,,,12.00,107.00,,,,
94,2020-03-29,0,46.00,122.00,44.00,17.00,29.00,53.00,69.00,16.00,28.00,21.00,48.00,8.00,13.00,18.00,30.00
94,2020-03-29,A,,7.00,,,,,,,,2.00,10.00,,,,
94,2020-03-29,B,17.00,42.00,16.00,,,,,,,10.00,19.00,,,,
94,2020-03-29,C,19.00,42.00,18.00,,,,,,,3.00,7.00,,,,
94,2020-03-29,D,7.00,16.00,7.00,,,,,,,1.00,3.00,,,,
94,2020-03-29,E,3.00,15.00,3.00,,,,,,,5.00,9.00,,,,
01,2020-03-30,0,3.00,142.00,1.00,1.00,2.00,52.00,90.00,,1.00,,,,,,
01,2020-03-30,A,,20.00,,,,,,,,,,,,,
01,2020-03-30,B,1.00,61.00,1.00,,,,,,,,,,,,
01,2020-03-30,C,1.00,37.00,,,,,,,,,,,,,
01,2020-03-30,D,1.00,10.00,,,,,,,,,,,,,
01,2020-03-30,E,,14.00,,,,,,,,,,,,,
02,2020-03-30,0,,,,,,,,,,5.00,114.00,,5.00,58.00,56.00
02,2020-03-30,A,,,,,,,,,,,19.00,,,,
02,2020-03-30,B,,,,,,,,,,1.00,21.00,,,,
02,2020-03-30,C,,,,,,,,,,3.00,37.00,,,,
02,2020-03-30,D,,,,,,,,,,1.00,15.00,,,,
02,2020-03-30,E,,,,,,,,,,,22.00,,,,
03,2020-03-30,0,3.00,166.00,,,3.00,83.00,83.00,,,,,,,,
03,2020-03-30,A,,32.00,,,,,,,,,,,,,
03,2020-03-30,B,2.00,79.00,,,,,,,,,,,,,
03,2020-03-30,C,1.00,43.00,,,,,,,,,,,,,
03,2020-03-30,D,,5.00,,,,,,,,,,,,,
03,2020-03-30,E,,7.00,,,,,,,,,,,,,
04,2020-03-30,0,6.00,268.00,3.00,2.00,4.00,141.00,127.00,2.00,1.00,,,,,,
04,2020-03-30,A,1.00,42.00,,,,,,,,,,,,,
04,2020-03-30,B,2.00,90.00,1.00,,,,,,,,,,,,
04,2020-03-30,C,3.00,71.00,2.00,,,,,,,,,,,,
04,2020-03-30,D,,31.00,,,,,,,,,,,,,
04,2020-03-30,E,,34.00,,,,,,,,,,,,,
06,2020-03-30,0,20.00,100.00,4.00,10.00,10.00,57.00,43.00,3.00,1.00,,,,,,
06,2020-03-30,A,1.00,22.00,1.00,,,,,,,,,,,,
06,2020-03-30,B,9.00,47.00,,,,,,,,,,,,,
06,2020-03-30,C,9.00,19.00,2.00,,,,,,,,,,,,
06,2020-03-30,D,,6.00,,,,,,,,,,,,,
06,2020-03-30,E,1.00,6.00,1.00,,,,,,,,,,,,
07,2020-03-30,0,1.00,14.00,1.00,,1.00,9.00,5.00,,1.00,,,,,,
07,2020-03-30,A,,3.00,,,,,,,,,,,,,
07,2020-03-30,B,1.00,9.00,1.00,,,,,,,,,,,,
07,2020-03-30,C,,1.00,,,,,,,,,,,,,
07,2020-03-30,D,,1.00,,,,,,,,,,,,,
07,2020-03-30,E,,,,,,,,,,,,,,,
08,2020-03-30,0,,14.00,,,,10.00,4.00,,,,,,,,
08,2020-03-30,A,,,,,,,,,,,,,,,
08,2020-03-30,B,,12.00,,,,,,,,,,,,,
08,2020-03-30,C,,1.00,,,,,,,,,,,,,
08,2020-03-30,D,,1.00,,,,,,,,,,,,,
08,2020-03-30,E,,,,,,,,,,,,,,,
11,2020-03-30,0,1923.00,5126.00,713.00,963.00,960.00,2691.00,2434.00,439.00,274.00,453.00,1403.00,190.00,263.00,586.00,816.00
11,2020-03-30,A,19.00,551.00,3.00,,,,,,,19.00,153.00,,,,
11,2020-03-30,B,722.00,1979.00,100.00,,,,,,,198.00,546.00,,,,
11,2020-03-30,C,735.00,1541.00,278.00,,,,,,,154.00,385.00,,,,
11,2020-03-30,D,226.00,467.00,157.00,,,,,,,42.00,128.00,,,,
11,2020-03-30,E,221.00,588.00,175.00,,,,,,,38.00,176.00,,,,
24,2020-03-30,0,122.00,889.00,48.00,62.00,60.00,468.00,421.00,26.00,22.00,26.00,208.00,11.00,15.00,97.00,111.00
24,2020-03-30,A,3.00,118.00,,,,,,,,,16.00,,,,
24,2020-03-30,B,26.00,281.00,7.00,,,,,,,17.00,123.00,,,,
24,2020-03-30,C,34.00,220.00,8.00,,,,,,,9.00,46.00,,,,
24,2020-03-30,D,22.00,92.00,12.00,,,,,,,,11.00,,,,
24,2020-03-30,E,37.00,178.00,21.00,,,,,,,,12.00,,,,
27,2020-03-30,0,291.00,1140.00,126.00,119.00,172.00,572.00,568.00,68.00,58.00,44.00,195.00,21.00,23.00,81.00,114.00
27,2020-03-30,A,,77.00,,,,,,,,1.00,27.00,,,,
27,2020-03-30,B,111.00,388.00,17.00,,,,,,,27.00,101.00,,,,
27,2020-03-30,C,86.00,304.00,36.00,,,,,,,10.00,39.00,,,,
27,2020-03-30,D,41.00,139.00,32.00,,,,,,,3.00,12.00,,,,
27,2020-03-30,E,53.00,232.00,41.00,,,,,,,3.00,15.00,,,,
28,2020-03-30,0,117.00,1156.00,42.00,49.00,68.00,596.00,560.00,22.00,20.00,76.00,315.00,32.00,44.00,141.00,174.00
28,2020-03-30,A,2.00,143.00,,,,,,,,3.00,48.00,,,,
28,2020-03-30,B,47.00,417.00,9.00,,,,,,,48.00,155.00,,,,
28,2020-03-30,C,32.00,269.00,12.00,,,,,,,18.00,70.00,,,,
28,2020-03-30,D,19.00,138.00,11.00,,,,,,,3.00,18.00,,,,
28,2020-03-30,E,17.00,189.00,10.00,,,,,,,4.00,24.00,,,,
32,2020-03-30,0,389.00,1878.00,139.00,175.00,214.00,956.00,922.00,76.00,63.00,143.00,645.00,63.00,79.00,288.00,356.00
32,2020-03-30,A,14.00,250.00,2.00,,,,,,,9.00,90.00,,,,
32,2020-03-30,B,133.00,649.00,17.00,,,,,,,87.00,335.00,,,,
32,2020-03-30,C,129.00,469.00,44.00,,,,,,,36.00,142.00,,,,
32,2020-03-30,D,46.00,211.00,27.00,,,,,,,8.00,32.00,,,,
32,2020-03-30,E,67.00,299.00,49.00,,,,,,,3.00,42.00,,,,
44,2020-03-30,0,640.00,2226.00,323.00,292.00,348.00,1099.00,1127.00,194.00,129.00,196.00,652.00,79.00,116.00,277.00,374.00
44,2020-03-30,A,6.00,242.00,4.00,,,,,,,4.00,68.00,,,,
44,2020-03-30,B,177.00,699.00,32.00,,,,,,,110.00,311.00,,,,
44,2020-03-30,C,222.00,594.00,93.00,,,,,,,49.00,146.00,,,,
44,2020-03-30,D,111.00,275.00,88.00,,,,,,,17.00,61.00,,,,
44,2020-03-30,E,124.00,416.00,106.00,,,,,,,16.00,65.00,,,,
52,2020-03-30,0,194.00,1053.00,104.00,71.00,121.00,534.00,517.00,42.00,60.00,99.00,378.00,51.00,48.00,159.00,219.00
52,2020-03-30,A,4.00,154.00,3.00,,,,,,,11.00,60.00,,,,
52,2020-03-30,B,70.00,349.00,21.00,,,,,,,61.00,192.00,,,,
52,2020-03-30,C,50.00,233.00,22.00,,,,,,,19.00,55.00,,,,
52,2020-03-30,D,24.00,105.00,20.00,,,,,,,3.00,22.00,,,,
52,2020-03-30,E,46.00,212.00,38.00,,,,,,,5.00,49.00,,,,
53,2020-03-30,0,87.00,1106.00,41.00,41.00,46.00,560.00,546.00,24.00,17.00,36.00,238.00,20.00,16.00,106.00,132.00
53,2020-03-30,A,3.00,135.00,1.00,,,,,,,2.00,28.00,,,,
53,2020-03-30,B,31.00,356.00,5.00,,,,,,,18.00,110.00,,,,
53,2020-03-30,C,25.00,271.00,9.00,,,,,,,14.00,49.00,,,,
53,2020-03-30,D,15.00,122.00,14.00,,,,,,,1.00,16.00,,,,
53,2020-03-30,E,13.00,222.00,12.00,,,,,,,1.00,34.00,,,,
75,2020-03-30,0,334.00,2085.00,123.00,129.00,205.00,1009.00,1076.00,60.00,63.00,196.00,934.00,85.00,111.00,419.00,515.00
75,2020-03-30,A,7.00,228.00,1.00,,,,,,,10.00,130.00,,,,
75,2020-03-30,B,130.00,652.00,23.00,,,,,,,121.00,461.00,,,,
75,2020-03-30,C,106.00,527.00,39.00,,,,,,,47.00,200.00,,,,
75,2020-03-30,D,39.00,251.00,20.00,,,,,,,13.00,75.00,,,,
75,2020-03-30,E,52.00,427.00,40.00,,,,,,,5.00,68.00,,,,
76,2020-03-30,0,321.00,2045.00,136.00,147.00,174.00,992.00,1053.00,75.00,61.00,82.00,316.00,37.00,45.00,134.00,182.00
76,2020-03-30,A,12.00,201.00,2.00,,,,,,,11.00,47.00,,,,
76,2020-03-30,B,120.00,727.00,28.00,,,,,,,45.00,143.00,,,,
76,2020-03-30,C,109.00,544.00,43.00,,,,,,,18.00,68.00,,,,
76,2020-03-30,D,31.00,228.00,23.00,,,,,,,4.00,24.00,,,,
76,2020-03-30,E,49.00,345.00,40.00,,,,,,,4.00,34.00,,,,
84,2020-03-30,0,614.00,2710.00,270.00,266.00,348.00,1309.00,1401.00,138.00,132.00,209.00,779.00,83.00,126.00,319.00,460.00
84,2020-03-30,A,6.00,297.00,,,,,,,,13.00,75.00,,,,
84,2020-03-30,B,200.00,932.00,26.00,,,,,,,99.00,333.00,,,,
84,2020-03-30,C,202.00,731.00,73.00,,,,,,,60.00,180.00,,,,
84,2020-03-30,D,83.00,279.00,65.00,,,,,,,13.00,61.00,,,,
84,2020-03-30,E,123.00,471.00,106.00,,,,,,,24.00,130.00,,,,
93,2020-03-30,0,341.00,2301.00,167.00,150.00,191.00,1125.00,1176.00,81.00,86.00,149.00,676.00,59.00,90.00,275.00,401.00
93,2020-03-30,A,,235.00,,,,,,,,12.00,108.00,,,,
93,2020-03-30,B,115.00,821.00,30.00,,,,,,,82.00,270.00,,,,
93,2020-03-30,C,125.00,619.00,54.00,,,,,,,31.00,137.00,,,,
93,2020-03-30,D,48.00,248.00,38.00,,,,,,,10.00,70.00,,,,
93,2020-03-30,E,53.00,378.00,45.00,,,,,,,14.00,90.00,,,,
94,2020-03-30,0,53.00,141.00,53.00,20.00,33.00,66.00,75.00,20.00,33.00,6.00,32.00,1.00,5.00,17.00,15.00
94,2020-03-30,A,,9.00,,,,,,,,,6.00,,,,
94,2020-03-30,B,18.00,49.00,18.00,,,,,,,3.00,10.00,,,,
94,2020-03-30,C,26.00,48.00,26.00,,,,,,,1.00,8.00,,,,
94,2020-03-30,D,4.00,14.00,4.00,,,,,,,,3.00,,,,
94,2020-03-30,E,5.00,21.00,5.00,,,,,,,2.00,5.00,,,,
01,2020-03-31,0,5.00,138.00,2.00,3.00,2.00,62.00,76.00,1.00,1.00,,,,,,
01,2020-03-31,A,,17.00,,,,,,,,,,,,,
01,2020-03-31,B,1.00,66.00,,,,,,,,,,,,,
01,2020-03-31,C,1.00,31.00,1.00,,,,,,,,,,,,
01,2020-03-31,D,2.00,9.00,,,,,,,,,,,,,
01,2020-03-31,E,1.00,15.00,1.00,,,,,,,,,,,,
02,2020-03-31,0,,,,,,,,,,2.00,118.00,,2.00,43.00,75.00
02,2020-03-31,A,,,,,,,,,,,12.00,,,,
02,2020-03-31,B,,,,,,,,,,,29.00,,,,
02,2020-03-31,C,,,,,,,,,,2.00,37.00,,,,
02,2020-03-31,D,,,,,,,,,,,10.00,,,,
02,2020-03-31,E,,,,,,,,,,,30.00,,,,
03,2020-03-31,0,,140.00,,,,71.00,69.00,,,,,,,,
03,2020-03-31,A,,28.00,,,,,,,,,,,,,
03,2020-03-31,B,,73.00,,,,,,,,,,,,,
03,2020-03-31,C,,24.00,,,,,,,,,,,,,
03,2020-03-31,D,,7.00,,,,,,,,,,,,,
03,2020-03-31,E,,8.00,,,,,,,,,,,,,
04,2020-03-31,0,11.00,253.00,9.00,4.00,7.00,140.00,113.00,3.00,6.00,,,,,,
04,2020-03-31,A,,45.00,,,,,,,,,,,,,
04,2020-03-31,B,4.00,101.00,3.00,,,,,,,,,,,,
04,2020-03-31,C,3.00,59.00,2.00,,,,,,,,,,,,
04,2020-03-31,D,1.00,24.00,1.00,,,,,,,,,,,,
04,2020-03-31,E,3.00,24.00,3.00,,,,,,,,,,,,
06,2020-03-31,0,17.00,86.00,,10.00,7.00,44.00,42.00,,,,,,,,
06,2020-03-31,A,1.00,26.00,,,,,,,,,,,,,
06,2020-03-31,B,12.00,41.00,,,,,,,,,,,,,
06,2020-03-31,C,3.00,11.00,,,,,,,,,,,,,
06,2020-03-31,D,1.00,4.00,,,,,,,,,,,,,
06,2020-03-31,E,,4.00,,,,,,,,,,,,,
07,2020-03-31,0,,8.00,,,,6.00,2.00,,,,,,,,
07,2020-03-31,A,,1.00,,,,,,,,,,,,,
07,2020-03-31,B,,2.00,,,,,,,,,,,,,
07,2020-03-31,C,,3.00,,,,,,,,,,,,,
07,2020-03-31,D,,1.00,,,,,,,,,,,,,
07,2020-03-31,E,,1.00,,,,,,,,,,,,,
08,2020-03-31,0,,10.00,,,,3.00,7.00,,,,,,,,
08,2020-03-31,A,,1.00,,,,,,,,,,,,,
08,2020-03-31,B,,2.00,,,,,,,,,,,,,
08,2020-03-31,C,,3.00,,,,,,,,,,,,,
08,2020-03-31,D,,3.00,,,,,,,,,,,,,
08,2020-03-31,E,,1.00,,,,,,,,,,,,,
11,2020-03-31,0,1577.00,4651.00,591.00,794.00,782.00,2455.00,2195.00,366.00,225.00,318.00,1187.00,124.00,193.00,449.00,736.00
11,2020-03-31,A,12.00,491.00,4.00,,,,,,,8.00,127.00,,,,
11,2020-03-31,B,561.00,1771.00,76.00,,,,,,,144.00,460.00,,,,
11,2020-03-31,C,619.00,1375.00,231.00,,,,,,,111.00,316.00,,,,
11,2020-03-31,D,180.00,453.00,121.00,,,,,,,23.00,118.00,,,,
11,2020-03-31,E,205.00,561.00,159.00,,,,,,,28.00,159.00,,,,
24,2020-03-31,0,110.00,830.00,43.00,59.00,51.00,430.00,400.00,30.00,13.00,8.00,160.00,5.00,3.00,67.00,93.00
24,2020-03-31,A,,93.00,,,,,,,,,22.00,,,,
24,2020-03-31,B,24.00,275.00,3.00,,,,,,,6.00,76.00,,,,
24,2020-03-31,C,38.00,193.00,13.00,,,,,,,,35.00,,,,
24,2020-03-31,D,20.00,105.00,12.00,,,,,,,1.00,4.00,,,,
24,2020-03-31,E,28.00,164.00,15.00,,,,,,,,21.00,,,,
27,2020-03-31,0,296.00,1207.00,118.00,121.00,175.00,612.00,595.00,60.00,58.00,51.00,180.00,22.00,29.00,79.00,101.00
27,2020-03-31,A,7.00,110.00,4.00,,,,,,,2.00,27.00,,,,
27,2020-03-31,B,95.00,402.00,9.00,,,,,,,28.00,90.00,,,,
27,2020-03-31,C,104.00,311.00,37.00,,,,,,,14.00,38.00,,,,
27,2020-03-31,D,37.00,134.00,28.00,,,,,,,1.00,9.00,,,,
27,2020-03-31,E,53.00,250.00,40.00,,,,,,,6.00,15.00,,,,
28,2020-03-31,0,113.00,1125.00,46.00,37.00,76.00,559.00,566.00,21.00,25.00,50.00,253.00,27.00,23.00,130.00,123.00
28,2020-03-31,A,1.00,145.00,,,,,,,,4.00,38.00,,,,
28,2020-03-31,B,49.00,404.00,13.00,,,,,,,30.00,121.00,,,,
28,2020-03-31,C,30.00,273.00,11.00,,,,,,,14.00,56.00,,,,
28,2020-03-31,D,13.00,109.00,6.00,,,,,,,1.00,11.00,,,,
28,2020-03-31,E,20.00,194.00,16.00,,,,,,,1.00,27.00,,,,
32,2020-03-31,0,302.00,1717.00,102.00,126.00,176.00,835.00,882.00,51.00,51.00,108.00,517.00,52.00,56.00,229.00,287.00
32,2020-03-31,A,10.00,212.00,,,,,,,,11.00,94.00,,,,
32,2020-03-31,B,101.00,637.00,15.00,,,,,,,65.00,256.00,,,,
32,2020-03-31,C,109.00,418.00,35.00,,,,,,,22.00,100.00,,,,
32,2020-03-31,D,36.00,187.00,23.00,,,,,,,6.00,23.00,,,,
32,2020-03-31,E,46.00,263.00,29.00,,,,,,,3.00,41.00,,,,
44,2020-03-31,0,472.00,1876.00,259.00,224.00,248.00,901.00,975.00,158.00,101.00,174.00,568.00,67.00,107.00,231.00,336.00
44,2020-03-31,A,3.00,208.00,2.00,,,,,,,6.00,65.00,,,,
44,2020-03-31,B,129.00,618.00,21.00,,,,,,,85.00,258.00,,,,
44,2020-03-31,C,153.00,467.00,77.00,,,,,,,53.00,138.00,,,,
44,2020-03-31,D,73.00,212.00,64.00,,,,,,,15.00,38.00,,,,
44,2020-03-31,E,114.00,371.00,95.00,,,,,,,14.00,68.00,,,,
52,2020-03-31,0,156.00,987.00,77.00,72.00,84.00,499.00,486.00,38.00,39.00,56.00,322.00,25.00,31.00,132.00,190.00
52,2020-03-31,A,1.00,117.00,1.00,,,,,,,4.00,48.00,,,,
52,2020-03-31,B,60.00,308.00,9.00,,,,,,,39.00,146.00,,,,
52,2020-03-31,C,35.00,243.00,17.00,,,,,,,9.00,60.00,,,,
52,2020-03-31,D,28.00,128.00,20.00,,,,,,,2.00,28.00,,,,
52,2020-03-31,E,32.00,191.00,30.00,,,,,,,2.00,40.00,,,,
53,2020-03-31,0,98.00,1058.00,39.00,40.00,58.00,517.00,541.00,19.00,20.00,30.00,229.00,16.00,14.00,98.00,131.00
53,2020-03-31,A,,140.00,,,,,,,,,41.00,,,,
53,2020-03-31,B,38.00,338.00,9.00,,,,,,,19.00,96.00,,,,
53,2020-03-31,C,33.00,232.00,10.00,,,,,,,6.00,45.00,,,,
53,2020-03-31,D,9.00,127.00,5.00,,,,,,,,17.00,,,,
53,2020-03-31,E,18.00,221.00,15.00,,,,,,,5.00,30.00,,,,
75,2020-03-31,0,252.00,1967.00,127.00,115.00,137.00,1013.00,954.00,65.00,62.00,158.00,860.00,61.00,97.00,368.00,492.00
75,2020-03-31,A,5.00,203.00,2.00,,,,,,,17.00,137.00,,,,
75,2020-03-31,B,99.00,655.00,29.00,,,,,,,93.00,386.00,,,,
75,2020-03-31,C,67.00,422.00,31.00,,,,,,,27.00,183.00,,,,
75,2020-03-31,D,26.00,238.00,19.00,,,,,,,11.00,59.00,,,,
75,2020-03-31,E,55.00,449.00,46.00,,,,,,,10.00,95.00,,,,
76,2020-03-31,0,224.00,1996.00,113.00,94.00,130.00,983.00,1013.00,55.00,58.00,65.00,278.00,27.00,38.00,124.00,154.00
76,2020-03-31,A,8.00,198.00,2.00,,,,,,,6.00,43.00,,,,
76,2020-03-31,B,82.00,715.00,27.00,,,,,,,39.00,130.00,,,,
76,2020-03-31,C,67.00,499.00,29.00,,,,,,,9.00,50.00,,,,
76,2020-03-31,D,32.00,221.00,25.00,,,,,,,4.00,22.00,,,,
76,2020-03-31,E,35.00,363.00,30.00,,,,,,,7.00,33.00,,,,
84,2020-03-31,0,546.00,2560.00,230.00,244.00,302.00,1283.00,1277.00,129.00,101.00,187.00,722.00,93.00,94.00,330.00,391.00
84,2020-03-31,A,6.00,319.00,,,,,,,,18.00,94.00,,,,
84,2020-03-31,B,209.00,903.00,35.00,,,,,,,86.00,285.00,,,,
84,2020-03-31,C,154.00,589.00,55.00,,,,,,,43.00,172.00,,,,
84,2020-03-31,D,61.00,276.00,44.00,,,,,,,14.00,49.00,,,,
84,2020-03-31,E,116.00,473.00,96.00,,,,,,,26.00,122.00,,,,
93,2020-03-31,0,278.00,2155.00,136.00,116.00,162.00,1038.00,1115.00,68.00,68.00,110.00,647.00,47.00,63.00,257.00,390.00
93,2020-03-31,A,1.00,244.00,,,,,,,,5.00,84.00,,,,
93,2020-03-31,B,81.00,739.00,13.00,,,,,,,68.00,270.00,,,,
93,2020-03-31,C,98.00,564.00,45.00,,,,,,,25.00,128.00,,,,
93,2020-03-31,D,37.00,212.00,27.00,,,,,,,7.00,55.00,,,,
93,2020-03-31,E,61.00,396.00,51.00,,,,,,,5.00,109.00,,,,
94,2020-03-31,0,42.00,132.00,40.00,17.00,25.00,70.00,62.00,15.00,25.00,14.00,23.00,3.00,11.00,7.00,16.00
94,2020-03-31,A,3.00,8.00,2.00,,,,,,,2.00,2.00,,,,
94,2020-03-31,B,18.00,52.00,17.00,,,,,,,8.00,15.00,,,,
94,2020-03-31,C,14.00,41.00,14.00,,,,,,,3.00,5.00,,,,
94,2020-03-31,D,,10.00,,,,,,,,1.00,1.00,,,,
94,2020-03-31,E,7.00,21.00,7.00,,,,,,,,,,,,
01,2020-04-01,0,13.00,172.00,6.00,7.00,6.00,73.00,99.00,3.00,3.00,,,,,,
01,2020-04-01,A,,12.00,,,,,,,,,,,,,
01,2020-04-01,B,5.00,69.00,1.00,,,,,,,,,,,,
01,2020-04-01,C,5.00,41.00,4.00,,,,,,,,,,,,
01,2020-04-01,D,,21.00,,,,,,,,,,,,,
01,2020-04-01,E,3.00,29.00,1.00,,,,,,,,,,,,
02,2020-04-01,0,,,,,,,,,,9.00,106.00,4.00,5.00,43.00,63.00
02,2020-04-01,A,,,,,,,,,,1.00,17.00,,,,
02,2020-04-01,B,,,,,,,,,,4.00,22.00,,,,
02,2020-04-01,C,,,,,,,,,,3.00,22.00,,,,
02,2020-04-01,D,,,,,,,,,,1.00,13.00,,,,
02,2020-04-01,E,,,,,,,,,,,32.00,,,,
03,2020-04-01,0,,155.00,,,,94.00,61.00,,,,,,,,
03,2020-04-01,A,,30.00,,,,,,,,,,,,,
03,2020-04-01,B,,77.00,,,,,,,,,,,,,
03,2020-04-01,C,,33.00,,,,,,,,,,,,,
03,2020-04-01,D,,11.00,,,,,,,,,,,,,
03,2020-04-01,E,,4.00,,,,,,,,,,,,,
04,2020-04-01,0,6.00,230.00,5.00,4.00,2.00,125.00,105.00,4.00,1.00,,,,,,
04,2020-04-01,A,,22.00,,,,,,,,,,,,,
04,2020-04-01,B,1.00,98.00,1.00,,,,,,,,,,,,
04,2020-04-01,C,1.00,57.00,1.00,,,,,,,,,,,,
04,2020-04-01,D,1.00,23.00,1.00,,,,,,,,,,,,
04,2020-04-01,E,3.00,30.00,2.00,,,,,,,,,,,,
06,2020-04-01,0,3.00,85.00,2.00,2.00,1.00,57.00,28.00,1.00,1.00,,,,,,
06,2020-04-01,A,,26.00,,,,,,,,,,,,,
06,2020-04-01,B,2.00,36.00,1.00,,,,,,,,,,,,
06,2020-04-01,C,,15.00,,,,,,,,,,,,,
06,2020-04-01,D,1.00,7.00,1.00,,,,,,,,,,,,
06,2020-04-01,E,,1.00,,,,,,,,,,,,,
07,2020-04-01,0,,14.00,,,,8.00,6.00,,,,,,,,
07,2020-04-01,A,,2.00,,,,,,,,,,,,,
07,2020-04-01,B,,7.00,,,,,,,,,,,,,
07,2020-04-01,C,,3.00,,,,,,,,,,,,,
07,2020-04-01,D,,,,,,,,,,,,,,,
07,2020-04-01,E,,2.00,,,,,,,,,,,,,
08,2020-04-01,0,3.00,18.00,3.00,2.00,1.00,9.00,9.00,2.00,1.00,,,,,,
08,2020-04-01,A,,3.00,,,,,,,,,,,,,
08,2020-04-01,B,1.00,6.00,1.00,,,,,,,,,,,,
08,2020-04-01,C,2.00,5.00,2.00,,,,,,,,,,,,
08,2020-04-01,D,,2.00,,,,,,,,,,,,,
08,2020-04-01,E,,2.00,,,,,,,,,,,,,
11,2020-04-01,0,1340.00,4258.00,493.00,674.00,666.00,2220.00,2037.00,289.00,204.00,342.00,1242.00,145.00,197.00,537.00,705.00
11,2020-04-01,A,16.00,478.00,4.00,,,,,,,20.00,155.00,,,,
11,2020-04-01,B,500.00,1653.00,60.00,,,,,,,145.00,483.00,,,,
11,2020-04-01,C,483.00,1209.00,188.00,,,,,,,115.00,314.00,,,,
11,2020-04-01,D,166.00,383.00,104.00,,,,,,,30.00,106.00,,,,
11,2020-04-01,E,175.00,535.00,137.00,,,,,,,31.00,180.00,,,,
24,2020-04-01,0,115.00,822.00,36.00,44.00,71.00,373.00,449.00,19.00,17.00,30.00,187.00,13.00,17.00,85.00,102.00
24,2020-04-01,A,,101.00,,,,,,,,3.00,15.00,,,,
24,2020-04-01,B,42.00,281.00,6.00,,,,,,,17.00,103.00,,,,
24,2020-04-01,C,34.00,179.00,10.00,,,,,,,8.00,38.00,,,,
24,2020-04-01,D,17.00,90.00,6.00,,,,,,,1.00,13.00,,,,
24,2020-04-01,E,22.00,171.00,14.00,,,,,,,,16.00,,,,
27,2020-04-01,0,219.00,1033.00,93.00,86.00,133.00,499.00,534.00,49.00,44.00,28.00,149.00,10.00,18.00,76.00,73.00
27,2020-04-01,A,4.00,97.00,1.00,,,,,,,3.00,30.00,,,,
27,2020-04-01,B,72.00,345.00,12.00,,,,,,,17.00,59.00,,,,
27,2020-04-01,C,59.00,264.00,17.00,,,,,,,6.00,29.00,,,,
27,2020-04-01,D,31.00,102.00,18.00,,,,,,,2.00,13.00,,,,
27,2020-04-01,E,53.00,225.00,45.00,,,,,,,,18.00,,,,
28,2020-04-01,0,116.00,1140.00,43.00,46.00,70.00,556.00,584.00,20.00,23.00,60.00,268.00,24.00,36.00,118.00,150.00
28,2020-04-01,A,4.00,170.00,,,,,,,,4.00,46.00,,,,
28,2020-04-01,B,50.00,404.00,10.00,,,,,,,41.00,133.00,,,,
28,2020-04-01,C,35.00,263.00,17.00,,,,,,,14.00,52.00,,,,
28,2020-04-01,D,12.00,111.00,7.00,,,,,,,,12.00,,,,
28,2020-04-01,E,14.00,191.00,9.00,,,,,,,1.00,25.00,,,,
32,2020-04-01,0,279.00,1812.00,90.00,136.00,143.00,911.00,901.00,53.00,37.00,91.00,504.00,37.00,54.00,232.00,272.00
32,2020-04-01,A,10.00,270.00,3.00,,,,,,,9.00,97.00,,,,
32,2020-04-01,B,108.00,640.00,15.00,,,,,,,52.00,256.00,,,,
32,2020-04-01,C,75.00,421.00,23.00,,,,,,,23.00,99.00,,,,
32,2020-04-01,D,36.00,200.00,19.00,,,,,,,3.00,23.00,,,,
32,2020-04-01,E,50.00,281.00,30.00,,,,,,,4.00,26.00,,,,
44,2020-04-01,0,394.00,1787.00,220.00,172.00,222.00,880.00,907.00,113.00,107.00,133.00,539.00,61.00,72.00,233.00,306.00
44,2020-04-01,A,4.00,220.00,1.00,,,,,,,7.00,68.00,,,,
44,2020-04-01,B,92.00,540.00,16.00,,,,,,,59.00,238.00,,,,
44,2020-04-01,C,132.00,456.00,68.00,,,,,,,43.00,122.00,,,,
44,2020-04-01,D,66.00,227.00,51.00,,,,,,,13.00,51.00,,,,
44,2020-04-01,E,100.00,344.00,84.00,,,,,,,10.00,58.00,,,,
52,2020-04-01,0,195.00,1062.00,92.00,82.00,113.00,542.00,520.00,46.00,46.00,63.00,318.00,32.00,31.00,143.00,175.00
52,2020-04-01,A,3.00,142.00,,,,,,,,10.00,51.00,,,,
52,2020-04-01,B,62.00,354.00,14.00,,,,,,,24.00,128.00,,,,
52,2020-04-01,C,67.00,232.00,29.00,,,,,,,16.00,63.00,,,,
52,2020-04-01,D,28.00,124.00,18.00,,,,,,,4.00,24.00,,,,
52,2020-04-01,E,35.00,210.00,31.00,,,,,,,9.00,52.00,,,,
53,2020-04-01,0,103.00,1087.00,47.00,38.00,65.00,506.00,581.00,19.00,28.00,19.00,234.00,8.00,11.00,111.00,123.00
53,2020-04-01,A,3.00,141.00,,,,,,,,,29.00,,,,
53,2020-04-01,B,45.00,366.00,17.00,,,,,,,12.00,117.00,,,,
53,2020-04-01,C,24.00,238.00,10.00,,,,,,,1.00,38.00,,,,
53,2020-04-01,D,15.00,116.00,8.00,,,,,,,3.00,17.00,,,,
53,2020-04-01,E,16.00,226.00,12.00,,,,,,,3.00,33.00,,,,
75,2020-04-01,0,250.00,1970.00,128.00,98.00,151.00,1021.00,948.00,58.00,69.00,149.00,848.00,52.00,97.00,357.00,491.00
75,2020-04-01,A,3.00,246.00,3.00,,,,,,,18.00,140.00,,,,
75,2020-04-01,B,84.00,640.00,25.00,,,,,,,84.00,382.00,,,,
75,2020-04-01,C,70.00,440.00,24.00,,,,,,,33.00,171.00,,,,
75,2020-04-01,D,27.00,212.00,19.00,,,,,,,8.00,57.00,,,,
75,2020-04-01,E,66.00,432.00,57.00,,,,,,,6.00,98.00,,,,
76,2020-04-01,0,226.00,1798.00,103.00,88.00,138.00,874.00,924.00,49.00,54.00,61.00,295.00,28.00,33.00,125.00,170.00
76,2020-04-01,A,8.00,206.00,4.00,,,,,,,3.00,42.00,,,,
76,2020-04-01,B,84.00,665.00,21.00,,,,,,,37.00,152.00,,,,
76,2020-04-01,C,73.00,419.00,25.00,,,,,,,16.00,57.00,,,,
76,2020-04-01,D,18.00,159.00,16.00,,,,,,,4.00,21.00,,,,
76,2020-04-01,E,43.00,348.00,37.00,,,,,,,1.00,23.00,,,,
84,2020-04-01,0,430.00,2451.00,164.00,190.00,240.00,1203.00,1248.00,82.00,82.00,121.00,672.00,40.00,80.00,278.00,393.00
84,2020-04-01,A,4.00,325.00,1.00,,,,,,,5.00,65.00,,,,
84,2020-04-01,B,168.00,902.00,17.00,,,,,,,64.00,300.00,,,,
84,2020-04-01,C,122.00,546.00,43.00,,,,,,,34.00,147.00,,,,
84,2020-04-01,D,50.00,229.00,33.00,,,,,,,5.00,56.00,,,,
84,2020-04-01,E,86.00,449.00,70.00,,,,,,,13.00,104.00,,,,
93,2020-04-01,0,280.00,2076.00,139.00,139.00,141.00,1087.00,989.00,82.00,57.00,107.00,687.00,27.00,80.00,241.00,446.00
93,2020-04-01,A,5.00,246.00,2.00,,,,,,,7.00,105.00,,,,
93,2020-04-01,B,93.00,745.00,22.00,,,,,,,59.00,254.00,,,,
93,2020-04-01,C,90.00,496.00,43.00,,,,,,,29.00,145.00,,,,
93,2020-04-01,D,40.00,213.00,26.00,,,,,,,5.00,63.00,,,,
93,2020-04-01,E,52.00,376.00,46.00,,,,,,,6.00,119.00,,,,
94,2020-04-01,0,51.00,148.00,47.00,16.00,35.00,63.00,85.00,14.00,33.00,10.00,30.00,5.00,5.00,9.00,21.00
94,2020-04-01,A,1.00,5.00,1.00,,,,,,,1.00,4.00,,,,
94,2020-04-01,B,18.00,50.00,15.00,,,,,,,5.00,14.00,,,,
94,2020-04-01,C,21.00,45.00,20.00,,,,,,,2.00,7.00,,,,
94,2020-04-01,D,4.00,21.00,4.00,,,,,,,1.00,1.00,,,,
94,2020-04-01,E,7.00,27.00,7.00,,,,,,,1.00,4.00,,,,
01,2020-04-02,0,6.00,139.00,4.00,3.00,3.00,58.00,81.00,2.00,2.00,,,,,,
01,2020-04-02,A,,15.00,,,,,,,,,,,,,
01,2020-04-02,B,1.00,57.00,,,,,,,,,,,,,
01,2020-04-02,C,2.00,38.00,2.00,,,,,,,,,,,,
01,2020-04-02,D,2.00,12.00,2.00,,,,,,,,,,,,
01,2020-04-02,E,1.00,17.00,,,,,,,,,,,,,
02,2020-04-02,0,,,,,,,,,,,84.00,,,35.00,49.00
02,2020-04-02,A,,,,,,,,,,,12.00,,,,
02,2020-04-02,B,,,,,,,,,,,23.00,,,,
02,2020-04-02,C,,,,,,,,,,,22.00,,,,
02,2020-04-02,D,,,,,,,,,,,7.00,,,,
02,2020-04-02,E,,,,,,,,,,,20.00,,,,
03,2020-04-02,0,,126.00,,,,69.00,57.00,,,,,,,,
03,2020-04-02,A,,25.00,,,,,,,,,,,,,
03,2020-04-02,B,,56.00,,,,,,,,,,,,,
03,2020-04-02,C,,33.00,,,,,,,,,,,,,
03,2020-04-02,D,,6.00,,,,,,,,,,,,,
03,2020-04-02,E,,6.00,,,,,,,,,,,,,
04,2020-04-02,0,5.00,263.00,2.00,3.00,2.00,126.00,137.00,1.00,1.00,,,,,,
04,2020-04-02,A,,32.00,,,,,,,,,,,,,
04,2020-04-02,B,2.00,105.00,,,,,,,,,,,,,
04,2020-04-02,C,1.00,69.00,,,,,,,,,,,,,
04,2020-04-02,D,,25.00,,,,,,,,,,,,,
04,2020-04-02,E,2.00,32.00,2.00,,,,,,,,,,,,
06,2020-04-02,0,7.00,76.00,4.00,3.00,4.00,42.00,34.00,2.00,2.00,,,,,,
06,2020-04-02,A,1.00,23.00,,,,,,,,,,,,,
06,2020-04-02,B,2.00,32.00,1.00,,,,,,,,,,,,
06,2020-04-02,C,3.00,16.00,2.00,,,,,,,,,,,,
06,2020-04-02,D,1.00,4.00,1.00,,,,,,,,,,,,
06,2020-04-02,E,,1.00,,,,,,,,,,,,,
07,2020-04-02,0,1.00,11.00,1.00,,1.00,5.00,6.00,,1.00,,,,,,
07,2020-04-02,A,,,,,,,,,,,,,,,
07,2020-04-02,B,,5.00,,,,,,,,,,,,,
07,2020-04-02,C,1.00,3.00,1.00,,,,,,,,,,,,
07,2020-04-02,D,,,,,,,,,,,,,,,
07,2020-04-02,E,,3.00,,,,,,,,,,,,,
08,2020-04-02,0,,8.00,,,,6.00,2.00,,,,,,,,
08,2020-04-02,A,,,,,,,,,,,,,,,
08,2020-04-02,B,,4.00,,,,,,,,,,,,,
08,2020-04-02,C,,3.00,,,,,,,,,,,,,
08,2020-04-02,D,,,,,,,,,,,,,,,
08,2020-04-02,E,,1.00,,,,,,,,,,,,,
11,2020-04-02,0,1401.00,4301.00,524.00,698.00,703.00,2255.00,2045.00,305.00,219.00,288.00,1117.00,138.00,150.00,480.00,637.00
11,2020-04-02,A,8.00,466.00,2.00,,,,,,,14.00,156.00,,,,
11,2020-04-02,B,546.00,1726.00,87.00,,,,,,,118.00,425.00,,,,
11,2020-04-02,C,496.00,1168.00,172.00,,,,,,,86.00,237.00,,,,
11,2020-04-02,D,151.00,404.00,98.00,,,,,,,27.00,110.00,,,,
11,2020-04-02,E,200.00,537.00,165.00,,,,,,,40.00,183.00,,,,
24,2020-04-02,0,113.00,888.00,33.00,48.00,65.00,431.00,457.00,17.00,16.00,20.00,150.00,7.00,13.00,77.00,73.00
24,2020-04-02,A,1.00,117.00,,,,,,,,1.00,23.00,,,,
24,2020-04-02,B,39.00,262.00,3.00,,,,,,,14.00,67.00,,,,
24,2020-04-02,C,30.00,213.00,11.00,,,,,,,3.00,29.00,,,,
24,2020-04-02,D,11.00,97.00,5.00,,,,,,,,7.00,,,,
24,2020-04-02,E,32.00,199.00,14.00,,,,,,,2.00,24.00,,,,
27,2020-04-02,0,212.00,1035.00,91.00,86.00,126.00,528.00,506.00,44.00,47.00,29.00,179.00,13.00,16.00,83.00,96.00
27,2020-04-02,A,2.00,97.00,,,,,,,,2.00,26.00,,,,
27,2020-04-02,B,73.00,342.00,12.00,,,,,,,19.00,83.00,,,,
27,2020-04-02,C,67.00,274.00,20.00,,,,,,,6.00,45.00,,,,
27,2020-04-02,D,28.00,119.00,22.00,,,,,,,1.00,12.00,,,,
27,2020-04-02,E,42.00,203.00,37.00,,,,,,,1.00,13.00,,,,
28,2020-04-02,0,112.00,1134.00,43.00,34.00,78.00,557.00,577.00,15.00,28.00,45.00,243.00,10.00,35.00,89.00,154.00
28,2020-04-02,A,3.00,138.00,,,,,,,,7.00,48.00,,,,
28,2020-04-02,B,39.00,401.00,7.00,,,,,,,23.00,117.00,,,,
28,2020-04-02,C,31.00,270.00,12.00,,,,,,,10.00,40.00,,,,
28,2020-04-02,D,13.00,100.00,8.00,,,,,,,4.00,18.00,,,,
28,2020-04-02,E,26.00,225.00,16.00,,,,,,,1.00,20.00,,,,
32,2020-04-02,0,348.00,1884.00,114.00,155.00,193.00,930.00,954.00,57.00,57.00,74.00,478.00,30.00,44.00,225.00,253.00
32,2020-04-02,A,11.00,251.00,,,,,,,,6.00,84.00,,,,
32,2020-04-02,B,118.00,670.00,10.00,,,,,,,47.00,253.00,,,,
32,2020-04-02,C,100.00,458.00,30.00,,,,,,,19.00,92.00,,,,
32,2020-04-02,D,51.00,190.00,31.00,,,,,,,1.00,15.00,,,,
32,2020-04-02,E,68.00,315.00,43.00,,,,,,,,28.00,,,,
44,2020-04-02,0,426.00,1876.00,220.00,198.00,228.00,924.00,952.00,128.00,92.00,157.00,563.00,75.00,81.00,266.00,296.00
44,2020-04-02,A,3.00,243.00,,,,,,,,4.00,72.00,,,,
44,2020-04-02,B,113.00,541.00,9.00,,,,,,,90.00,270.00,,,,
44,2020-04-02,C,127.00,451.00,59.00,,,,,,,33.00,106.00,,,,
44,2020-04-02,D,77.00,246.00,63.00,,,,,,,17.00,46.00,,,,
44,2020-04-02,E,106.00,395.00,89.00,,,,,,,13.00,64.00,,,,
52,2020-04-02,0,173.00,1047.00,71.00,81.00,92.00,553.00,494.00,42.00,29.00,67.00,359.00,20.00,47.00,143.00,216.00
52,2020-04-02,A,6.00,143.00,2.00,,,,,,,13.00,53.00,,,,
52,2020-04-02,B,59.00,336.00,15.00,,,,,,,34.00,147.00,,,,
52,2020-04-02,C,49.00,253.00,15.00,,,,,,,11.00,72.00,,,,
52,2020-04-02,D,24.00,107.00,13.00,,,,,,,4.00,28.00,,,,
52,2020-04-02,E,34.00,207.00,26.00,,,,,,,5.00,59.00,,,,
53,2020-04-02,0,98.00,1020.00,37.00,30.00,68.00,506.00,514.00,12.00,25.00,16.00,216.00,6.00,10.00,84.00,132.00
53,2020-04-02,A,1.00,145.00,1.00,,,,,,,,20.00,,,,
53,2020-04-02,B,43.00,333.00,6.00,,,,,,,13.00,107.00,,,,
53,2020-04-02,C,24.00,215.00,7.00,,,,,,,2.00,43.00,,,,
53,2020-04-02,D,10.00,116.00,6.00,,,,,,,,21.00,,,,
53,2020-04-02,E,20.00,211.00,17.00,,,,,,,1.00,25.00,,,,
75,2020-04-02,0,260.00,1943.00,117.00,125.00,135.00,1000.00,943.00,64.00,53.00,113.00,799.00,41.00,72.00,316.00,483.00
75,2020-04-02,A,4.00,202.00,3.00,,,,,,,5.00,111.00,,,,
75,2020-04-02,B,101.00,592.00,31.00,,,,,,,68.00,336.00,,,,
75,2020-04-02,C,73.00,465.00,21.00,,,,,,,34.00,198.00,,,,
75,2020-04-02,D,25.00,220.00,15.00,,,,,,,5.00,64.00,,,,
75,2020-04-02,E,57.00,464.00,47.00,,,,,,,1.00,90.00,,,,
76,2020-04-02,0,215.00,2041.00,108.00,93.00,122.00,1002.00,1039.00,54.00,54.00,39.00,264.00,14.00,25.00,100.00,164.00
76,2020-04-02,A,9.00,203.00,3.00,,,,,,,1.00,48.00,,,,
76,2020-04-02,B,68.00,712.00,18.00,,,,,,,26.00,116.00,,,,
76,2020-04-02,C,63.00,469.00,29.00,,,,,,,7.00,56.00,,,,
76,2020-04-02,D,28.00,246.00,20.00,,,,,,,2.00,16.00,,,,
76,2020-04-02,E,47.00,411.00,38.00,,,,,,,3.00,27.00,,,,
84,2020-04-02,0,416.00,2603.00,168.00,194.00,222.00,1329.00,1274.00,84.00,84.00,99.00,653.00,39.00,60.00,267.00,384.00
84,2020-04-02,A,7.00,312.00,1.00,,,,,,,4.00,85.00,,,,
84,2020-04-02,B,156.00,928.00,19.00,,,,,,,59.00,271.00,,,,
84,2020-04-02,C,109.00,622.00,36.00,,,,,,,17.00,114.00,,,,
84,2020-04-02,D,50.00,258.00,29.00,,,,,,,9.00,60.00,,,,
84,2020-04-02,E,94.00,483.00,83.00,,,,,,,10.00,123.00,,,,
93,2020-04-02,0,233.00,2002.00,131.00,115.00,118.00,1021.00,981.00,66.00,65.00,122.00,657.00,52.00,70.00,245.00,412.00
93,2020-04-02,A,3.00,249.00,1.00,,,,,,,12.00,92.00,,,,
93,2020-04-02,B,70.00,666.00,20.00,,,,,,,71.00,262.00,,,,
93,2020-04-02,C,79.00,509.00,40.00,,,,,,,24.00,137.00,,,,
93,2020-04-02,D,31.00,218.00,24.00,,,,,,,13.00,62.00,,,,
93,2020-04-02,E,50.00,360.00,46.00,,,,,,,2.00,104.00,,,,
94,2020-04-02,0,48.00,156.00,43.00,11.00,37.00,63.00,93.00,11.00,32.00,9.00,26.00,3.00,6.00,10.00,16.00
94,2020-04-02,A,,12.00,,,,,,,,3.00,7.00,,,,
94,2020-04-02,B,26.00,64.00,22.00,,,,,,,2.00,10.00,,,,
94,2020-04-02,C,15.00,37.00,14.00,,,,,,,2.00,4.00,,,,
94,2020-04-02,D,4.00,11.00,4.00,,,,,,,1.00,3.00,,,,
94,2020-04-02,E,3.00,32.00,3.00,,,,,,,1.00,2.00,,,,
01,2020-04-03,0,8.00,151.00,4.00,7.00,1.00,76.00,75.00,3.00,1.00,,,,,,
01,2020-04-03,A,3.00,34.00,,,,,,,,,,,,,
01,2020-04-03,B,,57.00,,,,,,,,,,,,,
01,2020-04-03,C,3.00,26.00,2.00,,,,,,,,,,,,
01,2020-04-03,D,,12.00,,,,,,,,,,,,,
01,2020-04-03,E,2.00,22.00,2.00,,,,,,,,,,,,
02,2020-04-03,0,,,,,,,,,,,90.00,,,30.00,60.00
02,2020-04-03,A,,,,,,,,,,,11.00,,,,
02,2020-04-03,B,,,,,,,,,,,26.00,,,,
02,2020-04-03,C,,,,,,,,,,,16.00,,,,
02,2020-04-03,D,,,,,,,,,,,10.00,,,,
02,2020-04-03,E,,,,,,,,,,,27.00,,,,
03,2020-04-03,0,4.00,153.00,,2.00,2.00,69.00,84.00,,,,,,,,
03,2020-04-03,A,,32.00,,,,,,,,,,,,,
03,2020-04-03,B,3.00,78.00,,,,,,,,,,,,,
03,2020-04-03,C,1.00,31.00,,,,,,,,,,,,,
03,2020-04-03,D,,7.00,,,,,,,,,,,,,
03,2020-04-03,E,,5.00,,,,,,,,,,,,,
04,2020-04-03,0,8.00,261.00,6.00,7.00,1.00,138.00,123.00,5.00,1.00,,,,,,
04,2020-04-03,A,2.00,46.00,,,,,,,,,,,,,
04,2020-04-03,B,1.00,86.00,1.00,,,,,,,,,,,,
04,2020-04-03,C,3.00,65.00,3.00,,,,,,,,,,,,
04,2020-04-03,D,1.00,27.00,1.00,,,,,,,,,,,,
04,2020-04-03,E,1.00,37.00,1.00,,,,,,,,,,,,
06,2020-04-03,0,6.00,73.00,2.00,2.00,4.00,32.00,41.00,,2.00,,,,,,
06,2020-04-03,A,,15.00,,,,,,,,,,,,,
06,2020-04-03,B,1.00,34.00,,,,,,,,,,,,,
06,2020-04-03,C,5.00,18.00,2.00,,,,,,,,,,,,
06,2020-04-03,D,,2.00,,,,,,,,,,,,,
06,2020-04-03,E,,4.00,,,,,,,,,,,,,
07,2020-04-03,0,,14.00,,,,8.00,6.00,,,,,,,,
07,2020-04-03,A,,2.00,,,,,,,,,,,,,
07,2020-04-03,B,,5.00,,,,,,,,,,,,,
07,2020-04-03,C,,5.00,,,,,,,,,,,,,
07,2020-04-03,D,,2.00,,,,,,,,,,,,,
07,2020-04-03,E,,,,,,,,,,,,,,,
08,2020-04-03,0,1.00,14.00,1.00,1.00,,7.00,7.00,1.00,,,,,,,
08,2020-04-03,A,,,,,,,,,,,,,,,
08,2020-04-03,B,1.00,9.00,1.00,,,,,,,,,,,,
08,2020-04-03,C,,4.00,,,,,,,,,,,,,
08,2020-04-03,D,,,,,,,,,,,,,,,
08,2020-04-03,E,,1.00,,,,,,,,,,,,,
11,2020-04-03,0,1316.00,4465.00,477.00,654.00,661.00,2280.00,2184.00,282.00,195.00,295.00,1152.00,120.00,173.00,476.00,673.00
11,2020-04-03,A,13.00,507.00,3.00,,,,,,,15.00,146.00,,,,
11,2020-04-03,B,498.00,1748.00,67.00,,,,,,,131.00,441.00,,,,
11,2020-04-03,C,460.00,1253.00,170.00,,,,,,,101.00,282.00,,,,
11,2020-04-03,D,147.00,424.00,95.00,,,,,,,23.00,98.00,,,,
11,2020-04-03,E,198.00,533.00,142.00,,,,,,,25.00,179.00,,,,
24,2020-04-03,0,115.00,882.00,40.00,51.00,64.00,452.00,430.00,27.00,13.00,19.00,171.00,8.00,11.00,74.00,97.00
24,2020-04-03,A,1.00,134.00,,,,,,,,2.00,17.00,,,,
24,2020-04-03,B,32.00,272.00,3.00,,,,,,,12.00,94.00,,,,
24,2020-04-03,C,26.00,202.00,7.00,,,,,,,4.00,35.00,,,,
24,2020-04-03,D,16.00,98.00,6.00,,,,,,,1.00,8.00,,,,
24,2020-04-03,E,40.00,176.00,24.00,,,,,,,,15.00,,,,
27,2020-04-03,0,265.00,1121.00,126.00,102.00,163.00,549.00,572.00,60.00,66.00,28.00,172.00,10.00,18.00,78.00,94.00
27,2020-04-03,A,8.00,109.00,3.00,,,,,,,,19.00,,,,
27,2020-04-03,B,92.00,358.00,25.00,,,,,,,17.00,85.00,,,,
27,2020-04-03,C,83.00,292.00,32.00,,,,,,,10.00,34.00,,,,
27,2020-04-03,D,30.00,144.00,20.00,,,,,,,,10.00,,,,
27,2020-04-03,E,52.00,218.00,46.00,,,,,,,1.00,24.00,,,,
28,2020-04-03,0,117.00,1270.00,44.00,49.00,68.00,621.00,649.00,23.00,21.00,58.00,271.00,17.00,41.00,120.00,151.00
28,2020-04-03,A,3.00,164.00,,,,,,,,1.00,38.00,,,,
28,2020-04-03,B,48.00,428.00,6.00,,,,,,,43.00,149.00,,,,
28,2020-04-03,C,34.00,311.00,14.00,,,,,,,12.00,45.00,,,,
28,2020-04-03,D,19.00,145.00,13.00,,,,,,,2.00,18.00,,,,
28,2020-04-03,E,13.00,222.00,11.00,,,,,,,,21.00,,,,
32,2020-04-03,0,332.00,2029.00,124.00,132.00,200.00,997.00,1032.00,55.00,69.00,67.00,490.00,32.00,35.00,223.00,267.00
32,2020-04-03,A,5.00,262.00,1.00,,,,,,,6.00,83.00,,,,
32,2020-04-03,B,112.00,700.00,13.00,,,,,,,41.00,239.00,,,,
32,2020-04-03,C,102.00,496.00,37.00,,,,,,,17.00,98.00,,,,
32,2020-04-03,D,44.00,221.00,31.00,,,,,,,2.00,26.00,,,,
32,2020-04-03,E,69.00,350.00,42.00,,,,,,,1.00,41.00,,,,
44,2020-04-03,0,443.00,1874.00,248.00,216.00,227.00,967.00,907.00,144.00,104.00,142.00,523.00,59.00,83.00,219.00,303.00
44,2020-04-03,A,10.00,202.00,5.00,,,,,,,6.00,64.00,,,,
44,2020-04-03,B,109.00,575.00,20.00,,,,,,,74.00,214.00,,,,
44,2020-04-03,C,141.00,460.00,67.00,,,,,,,40.00,123.00,,,,
44,2020-04-03,D,69.00,228.00,56.00,,,,,,,12.00,52.00,,,,
44,2020-04-03,E,114.00,409.00,100.00,,,,,,,10.00,70.00,,,,
52,2020-04-03,0,191.00,1086.00,84.00,83.00,107.00,565.00,520.00,45.00,38.00,46.00,339.00,16.00,30.00,144.00,195.00
52,2020-04-03,A,6.00,147.00,,,,,,,,6.00,52.00,,,,
52,2020-04-03,B,68.00,341.00,12.00,,,,,,,26.00,141.00,,,,
52,2020-04-03,C,50.00,258.00,19.00,,,,,,,6.00,61.00,,,,
52,2020-04-03,D,29.00,134.00,19.00,,,,,,,3.00,22.00,,,,
52,2020-04-03,E,38.00,206.00,34.00,,,,,,,5.00,61.00,,,,
53,2020-04-03,0,86.00,1153.00,34.00,39.00,47.00,563.00,590.00,19.00,15.00,18.00,206.00,10.00,8.00,75.00,131.00
53,2020-04-03,A,1.00,165.00,,,,,,,,,26.00,,,,
53,2020-04-03,B,31.00,358.00,6.00,,,,,,,13.00,91.00,,,,
53,2020-04-03,C,22.00,250.00,6.00,,,,,,,3.00,39.00,,,,
53,2020-04-03,D,12.00,119.00,6.00,,,,,,,2.00,17.00,,,,
53,2020-04-03,E,20.00,261.00,16.00,,,,,,,,33.00,,,,
75,2020-04-03,0,260.00,2164.00,126.00,111.00,149.00,1106.00,1058.00,60.00,66.00,138.00,850.00,60.00,78.00,363.00,487.00
75,2020-04-03,A,8.00,300.00,5.00,,,,,,,19.00,151.00,,,,
75,2020-04-03,B,86.00,654.00,29.00,,,,,,,72.00,366.00,,,,
75,2020-04-03,C,85.00,492.00,31.00,,,,,,,27.00,165.00,,,,
75,2020-04-03,D,30.00,247.00,18.00,,,,,,,9.00,53.00,,,,
75,2020-04-03,E,51.00,471.00,43.00,,,,,,,11.00,115.00,,,,
76,2020-04-03,0,198.00,2045.00,83.00,90.00,108.00,1017.00,1028.00,44.00,39.00,48.00,243.00,23.00,25.00,90.00,153.00
76,2020-04-03,A,18.00,229.00,4.00,,,,,,,8.00,26.00,,,,
76,2020-04-03,B,70.00,686.00,16.00,,,,,,,27.00,124.00,,,,
76,2020-04-03,C,52.00,517.00,17.00,,,,,,,10.00,42.00,,,,
76,2020-04-03,D,21.00,221.00,12.00,,,,,,,2.00,19.00,,,,
76,2020-04-03,E,37.00,392.00,34.00,,,,,,,1.00,32.00,,,,
84,2020-04-03,0,459.00,2631.00,202.00,207.00,252.00,1324.00,1307.00,114.00,88.00,142.00,657.00,63.00,79.00,289.00,365.00
84,2020-04-03,A,8.00,367.00,,,,,,,,11.00,67.00,,,,
84,2020-04-03,B,152.00,894.00,21.00,,,,,,,72.00,302.00,,,,
84,2020-04-03,C,135.00,622.00,50.00,,,,,,,29.00,125.00,,,,
84,2020-04-03,D,55.00,266.00,41.00,,,,,,,16.00,59.00,,,,
84,2020-04-03,E,109.00,482.00,90.00,,,,,,,14.00,104.00,,,,
93,2020-04-03,0,244.00,2108.00,149.00,118.00,126.00,1086.00,1022.00,85.00,64.00,105.00,601.00,43.00,62.00,243.00,357.00
93,2020-04-03,A,3.00,234.00,,,,,,,,12.00,92.00,,,,
93,2020-04-03,B,68.00,748.00,25.00,,,,,,,56.00,215.00,,,,
93,2020-04-03,C,67.00,513.00,39.00,,,,,,,24.00,135.00,,,,
93,2020-04-03,D,46.00,235.00,33.00,,,,,,,5.00,62.00,,,,
93,2020-04-03,E,60.00,378.00,52.00,,,,,,,8.00,96.00,,,,
94,2020-04-03,0,31.00,113.00,28.00,17.00,14.00,68.00,45.00,15.00,13.00,8.00,30.00,3.00,5.00,12.00,18.00
94,2020-04-03,A,,7.00,,,,,,,,1.00,5.00,,,,
94,2020-04-03,B,6.00,33.00,6.00,,,,,,,4.00,11.00,,,,
94,2020-04-03,C,12.00,35.00,12.00,,,,,,,2.00,8.00,,,,
94,2020-04-03,D,6.00,16.00,4.00,,,,,,,,1.00,,,,
94,2020-04-03,E,7.00,22.00,6.00,,,,,,,1.00,5.00,,,,
01,2020-04-04,0,2.00,138.00,2.00,,2.00,53.00,85.00,,2.00,,,,,,
01,2020-04-04,A,,20.00,,,,,,,,,,,,,
01,2020-04-04,B,1.00,54.00,1.00,,,,,,,,,,,,
01,2020-04-04,C,,29.00,,,,,,,,,,,,,
01,2020-04-04,D,,16.00,,,,,,,,,,,,,
01,2020-04-04,E,1.00,19.00,1.00,,,,,,,,,,,,
02,2020-04-04,0,,,,,,,,,,13.00,84.00,5.00,8.00,35.00,49.00
02,2020-04-04,A,,,,,,,,,,2.00,12.00,,,,
02,2020-04-04,B,,,,,,,,,,4.00,26.00,,,,
02,2020-04-04,C,,,,,,,,,,4.00,20.00,,,,
02,2020-04-04,D,,,,,,,,,,1.00,11.00,,,,
02,2020-04-04,E,,,,,,,,,,2.00,15.00,,,,
03,2020-04-04,0,7.00,154.00,3.00,3.00,4.00,86.00,68.00,1.00,2.00,,,,,,
03,2020-04-04,A,,27.00,,,,,,,,,,,,,
03,2020-04-04,B,4.00,94.00,1.00,,,,,,,,,,,,
03,2020-04-04,C,3.00,22.00,2.00,,,,,,,,,,,,
03,2020-04-04,D,,6.00,,,,,,,,,,,,,
03,2020-04-04,E,,5.00,,,,,,,,,,,,,
04,2020-04-04,0,4.00,268.00,4.00,2.00,2.00,165.00,103.00,2.00,2.00,,,,,,
04,2020-04-04,A,1.00,42.00,1.00,,,,,,,,,,,,
04,2020-04-04,B,,99.00,,,,,,,,,,,,,
04,2020-04-04,C,1.00,70.00,1.00,,,,,,,,,,,,
04,2020-04-04,D,2.00,27.00,2.00,,,,,,,,,,,,
04,2020-04-04,E,,30.00,,,,,,,,,,,,,
06,2020-04-04,0,2.00,80.00,,1.00,1.00,48.00,32.00,,,,,,,,
06,2020-04-04,A,,17.00,,,,,,,,,,,,,
06,2020-04-04,B,,33.00,,,,,,,,,,,,,
06,2020-04-04,C,1.00,22.00,,,,,,,,,,,,,
06,2020-04-04,D,1.00,4.00,,,,,,,,,,,,,
06,2020-04-04,E,,4.00,,,,,,,,,,,,,
07,2020-04-04,0,,10.00,,,,6.00,4.00,,,,,,,,
07,2020-04-04,A,,2.00,,,,,,,,,,,,,
07,2020-04-04,B,,5.00,,,,,,,,,,,,,
07,2020-04-04,C,,2.00,,,,,,,,,,,,,
07,2020-04-04,D,,,,,,,,,,,,,,,
07,2020-04-04,E,,1.00,,,,,,,,,,,,,
08,2020-04-04,0,1.00,11.00,,1.00,,6.00,5.00,,,,,,,,
08,2020-04-04,A,,2.00,,,,,,,,,,,,,
08,2020-04-04,B,1.00,5.00,,,,,,,,,,,,,
08,2020-04-04,C,,4.00,,,,,,,,,,,,,
08,2020-04-04,D,,,,,,,,,,,,,,,
08,2020-04-04,E,,,,,,,,,,,,,,,
11,2020-04-04,0,1016.00,4088.00,378.00,524.00,491.00,2113.00,1973.00,224.00,153.00,295.00,1431.00,106.00,189.00,618.00,812.00
11,2020-04-04,A,7.00,530.00,1.00,,,,,,,14.00,232.00,,,,
11,2020-04-04,B,377.00,1626.00,46.00,,,,,,,129.00,497.00,,,,
11,2020-04-04,C,353.00,1065.00,132.00,,,,,,,93.00,321.00,,,,
11,2020-04-04,D,125.00,374.00,82.00,,,,,,,29.00,135.00,,,,
11,2020-04-04,E,154.00,493.00,117.00,,,,,,,29.00,231.00,,,,
24,2020-04-04,0,77.00,875.00,18.00,38.00,39.00,458.00,417.00,11.00,7.00,17.00,269.00,8.00,9.00,120.00,149.00
24,2020-04-04,A,,124.00,,,,,,,,,38.00,,,,
24,2020-04-04,B,20.00,286.00,2.00,,,,,,,11.00,133.00,,,,
24,2020-04-04,C,31.00,209.00,6.00,,,,,,,3.00,50.00,,,,
24,2020-04-04,D,11.00,83.00,4.00,,,,,,,1.00,18.00,,,,
24,2020-04-04,E,15.00,173.00,6.00,,,,,,,2.00,27.00,,,,
27,2020-04-04,0,195.00,1131.00,85.00,89.00,106.00,594.00,537.00,42.00,43.00,40.00,243.00,14.00,26.00,111.00,132.00
27,2020-04-04,A,9.00,141.00,3.00,,,,,,,3.00,28.00,,,,
27,2020-04-04,B,66.00,363.00,10.00,,,,,,,21.00,102.00,,,,
27,2020-04-04,C,53.00,274.00,18.00,,,,,,,13.00,54.00,,,,
27,2020-04-04,D,19.00,123.00,14.00,,,,,,,1.00,25.00,,,,
27,2020-04-04,E,48.00,230.00,40.00,,,,,,,2.00,33.00,,,,
28,2020-04-04,0,60.00,1183.00,21.00,21.00,39.00,632.00,551.00,6.00,15.00,62.00,405.00,25.00,37.00,161.00,244.00
28,2020-04-04,A,2.00,192.00,,,,,,,,7.00,78.00,,,,
28,2020-04-04,B,28.00,411.00,3.00,,,,,,,36.00,168.00,,,,
28,2020-04-04,C,9.00,264.00,4.00,,,,,,,14.00,80.00,,,,
28,2020-04-04,D,5.00,120.00,3.00,,,,,,,2.00,28.00,,,,
28,2020-04-04,E,16.00,196.00,11.00,,,,,,,3.00,51.00,,,,
32,2020-04-04,0,250.00,2031.00,87.00,105.00,145.00,1013.00,1018.00,42.00,45.00,91.00,627.00,45.00,46.00,286.00,341.00
32,2020-04-04,A,4.00,348.00,1.00,,,,,,,5.00,128.00,,,,
32,2020-04-04,B,93.00,752.00,6.00,,,,,,,50.00,281.00,,,,
32,2020-04-04,C,63.00,405.00,21.00,,,,,,,28.00,127.00,,,,
32,2020-04-04,D,33.00,185.00,19.00,,,,,,,,34.00,,,,
32,2020-04-04,E,57.00,341.00,40.00,,,,,,,8.00,55.00,,,,
44,2020-04-04,0,273.00,1831.00,148.00,116.00,157.00,924.00,906.00,81.00,67.00,157.00,740.00,60.00,96.00,321.00,418.00
44,2020-04-04,A,3.00,241.00,2.00,,,,,,,10.00,116.00,,,,
44,2020-04-04,B,78.00,554.00,15.00,,,,,,,83.00,292.00,,,,
44,2020-04-04,C,81.00,467.00,39.00,,,,,,,36.00,144.00,,,,
44,2020-04-04,D,29.00,200.00,25.00,,,,,,,9.00,63.00,,,,
44,2020-04-04,E,82.00,369.00,67.00,,,,,,,19.00,120.00,,,,
52,2020-04-04,0,133.00,1094.00,67.00,61.00,72.00,576.00,517.00,35.00,32.00,66.00,429.00,30.00,36.00,174.00,255.00
52,2020-04-04,A,5.00,180.00,2.00,,,,,,,6.00,84.00,,,,
52,2020-04-04,B,47.00,323.00,9.00,,,,,,,34.00,161.00,,,,
52,2020-04-04,C,35.00,234.00,18.00,,,,,,,14.00,73.00,,,,
52,2020-04-04,D,17.00,135.00,12.00,,,,,,,2.00,33.00,,,,
52,2020-04-04,E,29.00,222.00,26.00,,,,,,,10.00,78.00,,,,
53,2020-04-04,0,74.00,1100.00,41.00,34.00,40.00,561.00,539.00,20.00,21.00,33.00,366.00,11.00,22.00,150.00,216.00
53,2020-04-04,A,1.00,162.00,1.00,,,,,,,4.00,58.00,,,,
53,2020-04-04,B,20.00,346.00,5.00,,,,,,,12.00,149.00,,,,
53,2020-04-04,C,18.00,226.00,7.00,,,,,,,11.00,68.00,,,,
53,2020-04-04,D,5.00,107.00,1.00,,,,,,,2.00,26.00,,,,
53,2020-04-04,E,30.00,259.00,27.00,,,,,,,4.00,65.00,,,,
75,2020-04-04,0,188.00,2140.00,93.00,73.00,115.00,1103.00,1037.00,41.00,52.00,157.00,1118.00,63.00,94.00,456.00,662.00
75,2020-04-04,A,4.00,282.00,2.00,,,,,,,21.00,187.00,,,,
75,2020-04-04,B,72.00,699.00,17.00,,,,,,,93.00,481.00,,,,
75,2020-04-04,C,41.00,449.00,19.00,,,,,,,24.00,223.00,,,,
75,2020-04-04,D,19.00,239.00,12.00,,,,,,,4.00,76.00,,,,
75,2020-04-04,E,52.00,471.00,43.00,,,,,,,15.00,151.00,,,,
76,2020-04-04,0,160.00,2073.00,81.00,65.00,95.00,1076.00,997.00,40.00,41.00,70.00,427.00,27.00,43.00,166.00,261.00
76,2020-04-04,A,13.00,282.00,6.00,,,,,,,9.00,72.00,,,,
76,2020-04-04,B,60.00,711.00,16.00,,,,,,,42.00,174.00,,,,
76,2020-04-04,C,41.00,495.00,19.00,,,,,,,15.00,85.00,,,,
76,2020-04-04,D,11.00,216.00,8.00,,,,,,,,33.00,,,,
76,2020-04-04,E,35.00,369.00,32.00,,,,,,,4.00,63.00,,,,
84,2020-04-04,0,324.00,2531.00,145.00,154.00,170.00,1323.00,1208.00,83.00,62.00,136.00,920.00,57.00,79.00,376.00,541.00
84,2020-04-04,A,2.00,363.00,,,,,,,,13.00,131.00,,,,
84,2020-04-04,B,125.00,900.00,16.00,,,,,,,69.00,365.00,,,,
84,2020-04-04,C,83.00,583.00,33.00,,,,,,,27.00,184.00,,,,
84,2020-04-04,D,42.00,244.00,32.00,,,,,,,8.00,81.00,,,,
84,2020-04-04,E,72.00,441.00,64.00,,,,,,,19.00,159.00,,,,
93,2020-04-04,0,165.00,2056.00,102.00,75.00,90.00,1058.00,998.00,48.00,54.00,140.00,878.00,55.00,85.00,360.00,518.00
93,2020-04-04,A,,261.00,,,,,,,,14.00,147.00,,,,
93,2020-04-04,B,44.00,699.00,11.00,,,,,,,76.00,324.00,,,,
93,2020-04-04,C,57.00,487.00,32.00,,,,,,,27.00,171.00,,,,
93,2020-04-04,D,24.00,208.00,21.00,,,,,,,8.00,73.00,,,,
93,2020-04-04,E,40.00,401.00,38.00,,,,,,,15.00,161.00,,,,
94,2020-04-04,0,10.00,121.00,5.00,3.00,7.00,61.00,60.00,2.00,3.00,18.00,56.00,8.00,10.00,23.00,33.00
94,2020-04-04,A,1.00,14.00,,,,,,,,3.00,12.00,,,,
94,2020-04-04,B,2.00,30.00,,,,,,,,7.00,23.00,,,,
94,2020-04-04,C,3.00,37.00,1.00,,,,,,,6.00,9.00,,,,
94,2020-04-04,D,2.00,14.00,2.00,,,,,,,,6.00,,,,
94,2020-04-04,E,2.00,26.00,2.00,,,,,,,2.00,6.00,,,,
01,2020-04-05,0,5.00,116.00,1.00,3.00,2.00,63.00,53.00,1.00,,,,,,,
01,2020-04-05,A,3.00,13.00,1.00,,,,,,,,,,,,
01,2020-04-05,B,,48.00,,,,,,,,,,,,,
01,2020-04-05,C,1.00,28.00,,,,,,,,,,,,,
01,2020-04-05,D,1.00,16.00,,,,,,,,,,,,,
01,2020-04-05,E,,11.00,,,,,,,,,,,,,
02,2020-04-05,0,,,,,,,,,,6.00,84.00,6.00,,33.00,51.00
02,2020-04-05,A,,,,,,,,,,,9.00,,,,
02,2020-04-05,B,,,,,,,,,,2.00,22.00,,,,
02,2020-04-05,C,,,,,,,,,,3.00,26.00,,,,
02,2020-04-05,D,,,,,,,,,,,9.00,,,,
02,2020-04-05,E,,,,,,,,,,1.00,18.00,,,,
03,2020-04-05,0,3.00,120.00,1.00,1.00,2.00,64.00,56.00,,1.00,,,,,,
03,2020-04-05,A,,35.00,,,,,,,,,,,,,
03,2020-04-05,B,,52.00,,,,,,,,,,,,,
03,2020-04-05,C,3.00,25.00,1.00,,,,,,,,,,,,
03,2020-04-05,D,,3.00,,,,,,,,,,,,,
03,2020-04-05,E,,5.00,,,,,,,,,,,,,
04,2020-04-05,0,6.00,269.00,5.00,2.00,4.00,156.00,113.00,1.00,4.00,,,,,,
04,2020-04-05,A,,36.00,,,,,,,,,,,,,
04,2020-04-05,B,,95.00,,,,,,,,,,,,,
04,2020-04-05,C,4.00,92.00,3.00,,,,,,,,,,,,
04,2020-04-05,D,1.00,25.00,1.00,,,,,,,,,,,,
04,2020-04-05,E,1.00,21.00,1.00,,,,,,,,,,,,
06,2020-04-05,0,13.00,93.00,4.00,7.00,6.00,48.00,45.00,3.00,1.00,,,,,,
06,2020-04-05,A,,19.00,,,,,,,,,,,,,
06,2020-04-05,B,10.00,54.00,2.00,,,,,,,,,,,,
06,2020-04-05,C,2.00,15.00,1.00,,,,,,,,,,,,
06,2020-04-05,D,1.00,3.00,1.00,,,,,,,,,,,,
06,2020-04-05,E,,2.00,,,,,,,,,,,,,
07,2020-04-05,0,,9.00,,,,5.00,4.00,,,,,,,,
07,2020-04-05,A,,1.00,,,,,,,,,,,,,
07,2020-04-05,B,,3.00,,,,,,,,,,,,,
07,2020-04-05,C,,4.00,,,,,,,,,,,,,
07,2020-04-05,D,,,,,,,,,,,,,,,
07,2020-04-05,E,,1.00,,,,,,,,,,,,,
08,2020-04-05,0,,13.00,,,,9.00,4.00,,,,,,,,
08,2020-04-05,A,,2.00,,,,,,,,,,,,,
08,2020-04-05,B,,6.00,,,,,,,,,,,,,
08,2020-04-05,C,,2.00,,,,,,,,,,,,,
08,2020-04-05,D,,1.00,,,,,,,,,,,,,
08,2020-04-05,E,,2.00,,,,,,,,,,,,,
11,2020-04-05,0,806.00,3716.00,311.00,408.00,398.00,1956.00,1760.00,186.00,125.00,215.00,1230.00,89.00,125.00,511.00,716.00
11,2020-04-05,A,7.00,527.00,3.00,,,,,,,15.00,182.00,,,,
11,2020-04-05,B,309.00,1491.00,52.00,,,,,,,89.00,441.00,,,,
11,2020-04-05,C,273.00,958.00,112.00,,,,,,,70.00,315.00,,,,
11,2020-04-05,D,89.00,282.00,51.00,,,,,,,21.00,108.00,,,,
11,2020-04-05,E,128.00,458.00,93.00,,,,,,,19.00,177.00,,,,
24,2020-04-05,0,61.00,777.00,17.00,22.00,39.00,402.00,375.00,8.00,9.00,29.00,234.00,8.00,21.00,93.00,141.00
24,2020-04-05,A,,114.00,,,,,,,,5.00,38.00,,,,
24,2020-04-05,B,21.00,247.00,3.00,,,,,,,16.00,110.00,,,,
24,2020-04-05,C,18.00,201.00,4.00,,,,,,,5.00,49.00,,,,
24,2020-04-05,D,6.00,72.00,2.00,,,,,,,1.00,16.00,,,,
24,2020-04-05,E,16.00,143.00,8.00,,,,,,,2.00,20.00,,,,
27,2020-04-05,0,139.00,889.00,73.00,62.00,77.00,459.00,430.00,37.00,36.00,37.00,224.00,15.00,22.00,89.00,135.00
27,2020-04-05,A,2.00,106.00,1.00,,,,,,,3.00,38.00,,,,
27,2020-04-05,B,49.00,309.00,13.00,,,,,,,21.00,94.00,,,,
27,2020-04-05,C,35.00,202.00,14.00,,,,,,,10.00,45.00,,,,
27,2020-04-05,D,17.00,102.00,13.00,,,,,,,2.00,14.00,,,,
27,2020-04-05,E,36.00,170.00,32.00,,,,,,,1.00,33.00,,,,
28,2020-04-05,0,68.00,1030.00,33.00,33.00,35.00,542.00,488.00,16.00,17.00,59.00,342.00,19.00,40.00,137.00,205.00
28,2020-04-05,A,,175.00,,,,,,,,7.00,51.00,,,,
28,2020-04-05,B,28.00,374.00,7.00,,,,,,,36.00,156.00,,,,
28,2020-04-05,C,15.00,219.00,7.00,,,,,,,9.00,62.00,,,,
28,2020-04-05,D,9.00,109.00,6.00,,,,,,,3.00,20.00,,,,
28,2020-04-05,E,16.00,153.00,13.00,,,,,,,4.00,53.00,,,,
32,2020-04-05,0,193.00,1707.00,80.00,97.00,96.00,891.00,816.00,46.00,34.00,74.00,494.00,29.00,45.00,220.00,274.00
32,2020-04-05,A,8.00,282.00,1.00,,,,,,,6.00,104.00,,,,
32,2020-04-05,B,66.00,635.00,11.00,,,,,,,40.00,219.00,,,,
32,2020-04-05,C,38.00,386.00,15.00,,,,,,,24.00,102.00,,,,
32,2020-04-05,D,29.00,152.00,21.00,,,,,,,1.00,31.00,,,,
32,2020-04-05,E,52.00,252.00,32.00,,,,,,,3.00,35.00,,,,
44,2020-04-05,0,193.00,1645.00,106.00,96.00,97.00,849.00,796.00,55.00,51.00,136.00,666.00,61.00,75.00,315.00,351.00
44,2020-04-05,A,4.00,258.00,3.00,,,,,,,8.00,106.00,,,,
44,2020-04-05,B,49.00,513.00,11.00,,,,,,,81.00,296.00,,,,
44,2020-04-05,C,51.00,379.00,20.00,,,,,,,23.00,125.00,,,,
44,2020-04-05,D,36.00,192.00,25.00,,,,,,,12.00,51.00,,,,
44,2020-04-05,E,53.00,303.00,47.00,,,,,,,12.00,87.00,,,,
52,2020-04-05,0,111.00,907.00,68.00,53.00,58.00,479.00,428.00,35.00,33.00,62.00,440.00,27.00,35.00,179.00,261.00
52,2020-04-05,A,1.00,179.00,,,,,,,,6.00,96.00,,,,
52,2020-04-05,B,36.00,313.00,19.00,,,,,,,35.00,182.00,,,,
52,2020-04-05,C,29.00,174.00,11.00,,,,,,,15.00,74.00,,,,
52,2020-04-05,D,14.00,79.00,12.00,,,,,,,2.00,21.00,,,,
52,2020-04-05,E,31.00,162.00,26.00,,,,,,,4.00,67.00,,,,
53,2020-04-05,0,77.00,997.00,44.00,38.00,39.00,515.00,482.00,23.00,21.00,28.00,360.00,8.00,20.00,150.00,210.00
53,2020-04-05,A,,191.00,,,,,,,,2.00,60.00,,,,
53,2020-04-05,B,28.00,322.00,10.00,,,,,,,16.00,155.00,,,,
53,2020-04-05,C,20.00,213.00,9.00,,,,,,,4.00,65.00,,,,
53,2020-04-05,D,6.00,85.00,3.00,,,,,,,3.00,22.00,,,,
53,2020-04-05,E,23.00,186.00,22.00,,,,,,,3.00,58.00,,,,
75,2020-04-05,0,164.00,1920.00,95.00,67.00,97.00,988.00,931.00,45.00,50.00,129.00,960.00,43.00,86.00,373.00,587.00
75,2020-04-05,A,7.00,262.00,5.00,,,,,,,8.00,148.00,,,,
75,2020-04-05,B,49.00,611.00,16.00,,,,,,,77.00,439.00,,,,
75,2020-04-05,C,53.00,458.00,28.00,,,,,,,27.00,172.00,,,,
75,2020-04-05,D,14.00,195.00,7.00,,,,,,,3.00,70.00,,,,
75,2020-04-05,E,41.00,394.00,39.00,,,,,,,14.00,131.00,,,,
76,2020-04-05,0,143.00,1859.00,82.00,63.00,80.00,954.00,905.00,37.00,45.00,62.00,370.00,23.00,39.00,154.00,216.00
76,2020-04-05,A,7.00,278.00,2.00,,,,,,,4.00,67.00,,,,
76,2020-04-05,B,43.00,647.00,11.00,,,,,,,39.00,157.00,,,,
76,2020-04-05,C,39.00,428.00,21.00,,,,,,,13.00,71.00,,,,
76,2020-04-05,D,16.00,185.00,13.00,,,,,,,2.00,25.00,,,,
76,2020-04-05,E,38.00,321.00,35.00,,,,,,,4.00,50.00,,,,
84,2020-04-05,0,270.00,2307.00,115.00,120.00,150.00,1180.00,1127.00,55.00,60.00,109.00,823.00,41.00,68.00,341.00,482.00
84,2020-04-05,A,5.00,387.00,2.00,,,,,,,12.00,127.00,,,,
84,2020-04-05,B,105.00,817.00,10.00,,,,,,,55.00,318.00,,,,
84,2020-04-05,C,63.00,536.00,28.00,,,,,,,21.00,174.00,,,,
84,2020-04-05,D,31.00,190.00,19.00,,,,,,,3.00,63.00,,,,
84,2020-04-05,E,66.00,376.00,56.00,,,,,,,18.00,139.00,,,,
93,2020-04-05,0,162.00,1956.00,94.00,82.00,80.00,1015.00,941.00,53.00,41.00,111.00,739.00,38.00,73.00,288.00,451.00
93,2020-04-05,A,2.00,265.00,,,,,,,,13.00,111.00,,,,
93,2020-04-05,B,48.00,735.00,16.00,,,,,,,61.00,275.00,,,,
93,2020-04-05,C,39.00,419.00,19.00,,,,,,,24.00,168.00,,,,
93,2020-04-05,D,26.00,197.00,19.00,,,,,,,4.00,56.00,,,,
93,2020-04-05,E,47.00,340.00,40.00,,,,,,,9.00,129.00,,,,
94,2020-04-05,0,16.00,106.00,15.00,6.00,10.00,55.00,51.00,5.00,10.00,3.00,37.00,2.00,1.00,13.00,24.00
94,2020-04-05,A,2.00,12.00,2.00,,,,,,,1.00,6.00,,,,
94,2020-04-05,B,3.00,40.00,3.00,,,,,,,,13.00,,,,
94,2020-04-05,C,4.00,26.00,3.00,,,,,,,,11.00,,,,
94,2020-04-05,D,1.00,8.00,1.00,,,,,,,1.00,3.00,,,,
94,2020-04-05,E,6.00,20.00,6.00,,,,,,,1.00,4.00,,,,
01,2020-04-06,0,6.00,144.00,3.00,3.00,3.00,62.00,82.00,2.00,1.00,,,,,,
01,2020-04-06,A,3.00,21.00,1.00,,,,,,,,,,,,
01,2020-04-06,B,,50.00,,,,,,,,,,,,,
01,2020-04-06,C,2.00,34.00,1.00,,,,,,,,,,,,
01,2020-04-06,D,,15.00,,,,,,,,,,,,,
01,2020-04-06,E,1.00,24.00,1.00,,,,,,,,,,,,
02,2020-04-06,0,,,,,,,,,,2.00,102.00,,2.00,40.00,62.00
02,2020-04-06,A,,,,,,,,,,,10.00,,,,
02,2020-04-06,B,,,,,,,,,,,26.00,,,,
02,2020-04-06,C,,,,,,,,,,2.00,28.00,,,,
02,2020-04-06,D,,,,,,,,,,,12.00,,,,
02,2020-04-06,E,,,,,,,,,,,26.00,,,,
03,2020-04-06,0,4.00,163.00,1.00,1.00,3.00,74.00,89.00,,1.00,,,,,,
03,2020-04-06,A,,29.00,,,,,,,,,,,,,
03,2020-04-06,B,1.00,85.00,,,,,,,,,,,,,
03,2020-04-06,C,2.00,38.00,,,,,,,,,,,,,
03,2020-04-06,D,1.00,8.00,1.00,,,,,,,,,,,,
03,2020-04-06,E,,3.00,,,,,,,,,,,,,
04,2020-04-06,0,9.00,300.00,5.00,6.00,3.00,169.00,131.00,4.00,1.00,,,,,,
04,2020-04-06,A,1.00,51.00,1.00,,,,,,,,,,,,
04,2020-04-06,B,,99.00,,,,,,,,,,,,,
04,2020-04-06,C,7.00,71.00,3.00,,,,,,,,,,,,
04,2020-04-06,D,,32.00,,,,,,,,,,,,,
04,2020-04-06,E,1.00,47.00,1.00,,,,,,,,,,,,
06,2020-04-06,0,11.00,81.00,5.00,7.00,4.00,42.00,39.00,3.00,2.00,,,,,,
06,2020-04-06,A,2.00,21.00,2.00,,,,,,,,,,,,
06,2020-04-06,B,5.00,43.00,1.00,,,,,,,,,,,,
06,2020-04-06,C,3.00,15.00,1.00,,,,,,,,,,,,
06,2020-04-06,D,1.00,1.00,1.00,,,,,,,,,,,,
06,2020-04-06,E,,1.00,,,,,,,,,,,,,
07,2020-04-06,0,,3.00,,,,2.00,1.00,,,,,,,,
07,2020-04-06,A,,,,,,,,,,,,,,,
07,2020-04-06,B,,2.00,,,,,,,,,,,,,
07,2020-04-06,C,,1.00,,,,,,,,,,,,,
07,2020-04-06,D,,,,,,,,,,,,,,,
07,2020-04-06,E,,,,,,,,,,,,,,,
08,2020-04-06,0,,9.00,,,,5.00,4.00,,,,,,,,
08,2020-04-06,A,,1.00,,,,,,,,,,,,,
08,2020-04-06,B,,7.00,,,,,,,,,,,,,
08,2020-04-06,C,,1.00,,,,,,,,,,,,,
08,2020-04-06,D,,,,,,,,,,,,,,,
08,2020-04-06,E,,,,,,,,,,,,,,,
11,2020-04-06,0,1302.00,4383.00,481.00,620.00,681.00,2243.00,2138.00,279.00,202.00,212.00,1076.00,99.00,113.00,457.00,619.00
11,2020-04-06,A,10.00,520.00,3.00,,,,,,,9.00,131.00,,,,
11,2020-04-06,B,462.00,1608.00,55.00,,,,,,,98.00,389.00,,,,
11,2020-04-06,C,441.00,1197.00,133.00,,,,,,,72.00,273.00,,,,
11,2020-04-06,D,170.00,423.00,115.00,,,,,,,14.00,96.00,,,,
11,2020-04-06,E,219.00,633.00,175.00,,,,,,,18.00,184.00,,,,
24,2020-04-06,0,104.00,864.00,34.00,40.00,64.00,456.00,408.00,14.00,20.00,32.00,188.00,15.00,17.00,90.00,98.00
24,2020-04-06,A,,112.00,,,,,,,,,21.00,,,,
24,2020-04-06,B,33.00,290.00,5.00,,,,,,,23.00,101.00,,,,
24,2020-04-06,C,23.00,180.00,6.00,,,,,,,8.00,36.00,,,,
24,2020-04-06,D,20.00,99.00,10.00,,,,,,,1.00,9.00,,,,
24,2020-04-06,E,28.00,183.00,13.00,,,,,,,,21.00,,,,
27,2020-04-06,0,229.00,1198.00,103.00,87.00,142.00,598.00,599.00,48.00,55.00,41.00,177.00,13.00,28.00,67.00,110.00
27,2020-04-06,A,2.00,118.00,,,,,,,,2.00,25.00,,,,
27,2020-04-06,B,67.00,343.00,18.00,,,,,,,25.00,78.00,,,,
27,2020-04-06,C,81.00,351.00,23.00,,,,,,,9.00,35.00,,,,
27,2020-04-06,D,27.00,147.00,19.00,,,,,,,4.00,19.00,,,,
27,2020-04-06,E,52.00,239.00,43.00,,,,,,,1.00,20.00,,,,
28,2020-04-06,0,91.00,1307.00,29.00,44.00,47.00,679.00,626.00,15.00,14.00,56.00,277.00,27.00,29.00,127.00,150.00
28,2020-04-06,A,3.00,157.00,,,,,,,,1.00,32.00,,,,
28,2020-04-06,B,29.00,422.00,10.00,,,,,,,39.00,145.00,,,,
28,2020-04-06,C,35.00,308.00,7.00,,,,,,,13.00,56.00,,,,
28,2020-04-06,D,9.00,168.00,4.00,,,,,,,2.00,17.00,,,,
28,2020-04-06,E,15.00,252.00,8.00,,,,,,,1.00,27.00,,,,
32,2020-04-06,0,293.00,1984.00,98.00,127.00,166.00,986.00,998.00,48.00,50.00,81.00,557.00,32.00,49.00,230.00,327.00
32,2020-04-06,A,5.00,241.00,1.00,,,,,,,5.00,89.00,,,,
32,2020-04-06,B,93.00,700.00,17.00,,,,,,,50.00,291.00,,,,
32,2020-04-06,C,94.00,494.00,25.00,,,,,,,16.00,103.00,,,,
32,2020-04-06,D,36.00,221.00,18.00,,,,,,,4.00,32.00,,,,
32,2020-04-06,E,65.00,328.00,37.00,,,,,,,6.00,38.00,,,,
44,2020-04-06,0,359.00,2047.00,188.00,152.00,207.00,1050.00,997.00,98.00,90.00,116.00,543.00,60.00,55.00,245.00,297.00
44,2020-04-06,A,4.00,275.00,,,,,,,,1.00,63.00,,,,
44,2020-04-06,B,87.00,618.00,12.00,,,,,,,64.00,225.00,,,,
44,2020-04-06,C,116.00,494.00,50.00,,,,,,,31.00,124.00,,,,
44,2020-04-06,D,50.00,240.00,34.00,,,,,,,8.00,44.00,,,,
44,2020-04-06,E,102.00,420.00,92.00,,,,,,,12.00,85.00,,,,
52,2020-04-06,0,182.00,1109.00,89.00,75.00,107.00,555.00,554.00,46.00,43.00,41.00,320.00,23.00,18.00,159.00,161.00
52,2020-04-06,A,4.00,154.00,3.00,,,,,,,5.00,40.00,,,,
52,2020-04-06,B,72.00,363.00,15.00,,,,,,,26.00,147.00,,,,
52,2020-04-06,C,43.00,277.00,22.00,,,,,,,6.00,63.00,,,,
52,2020-04-06,D,21.00,119.00,16.00,,,,,,,,21.00,,,,
52,2020-04-06,E,42.00,196.00,33.00,,,,,,,4.00,49.00,,,,
53,2020-04-06,0,91.00,1251.00,50.00,37.00,54.00,624.00,627.00,25.00,25.00,12.00,229.00,3.00,9.00,95.00,134.00
53,2020-04-06,A,,177.00,,,,,,,,,23.00,,,,
53,2020-04-06,B,37.00,365.00,9.00,,,,,,,5.00,114.00,,,,
53,2020-04-06,C,23.00,266.00,17.00,,,,,,,3.00,40.00,,,,
53,2020-04-06,D,13.00,153.00,8.00,,,,,,,2.00,20.00,,,,
53,2020-04-06,E,18.00,290.00,16.00,,,,,,,2.00,32.00,,,,
75,2020-04-06,0,210.00,2231.00,110.00,100.00,110.00,1106.00,1125.00,56.00,54.00,85.00,770.00,34.00,51.00,322.00,448.00
75,2020-04-06,A,4.00,237.00,,,,,,,,6.00,113.00,,,,
75,2020-04-06,B,65.00,653.00,17.00,,,,,,,48.00,357.00,,,,
75,2020-04-06,C,66.00,555.00,27.00,,,,,,,24.00,148.00,,,,
75,2020-04-06,D,17.00,244.00,12.00,,,,,,,4.00,60.00,,,,
75,2020-04-06,E,58.00,542.00,54.00,,,,,,,3.00,92.00,,,,
76,2020-04-06,0,202.00,2177.00,99.00,82.00,120.00,1101.00,1076.00,40.00,59.00,38.00,249.00,20.00,18.00,105.00,144.00
76,2020-04-06,A,8.00,241.00,4.00,,,,,,,1.00,36.00,,,,
76,2020-04-06,B,72.00,763.00,18.00,,,,,,,27.00,118.00,,,,
76,2020-04-06,C,51.00,524.00,20.00,,,,,,,8.00,56.00,,,,
76,2020-04-06,D,20.00,235.00,13.00,,,,,,,1.00,17.00,,,,
76,2020-04-06,E,51.00,413.00,44.00,,,,,,,1.00,22.00,,,,
84,2020-04-06,0,431.00,2801.00,174.00,195.00,236.00,1406.00,1395.00,89.00,85.00,125.00,648.00,63.00,62.00,303.00,345.00
84,2020-04-06,A,9.00,385.00,1.00,,,,,,,4.00,72.00,,,,
84,2020-04-06,B,140.00,946.00,13.00,,,,,,,57.00,275.00,,,,
84,2020-04-06,C,128.00,663.00,45.00,,,,,,,31.00,131.00,,,,
84,2020-04-06,D,61.00,299.00,37.00,,,,,,,11.00,51.00,,,,
84,2020-04-06,E,93.00,508.00,78.00,,,,,,,22.00,119.00,,,,
93,2020-04-06,0,207.00,2124.00,127.00,88.00,119.00,1083.00,1041.00,66.00,61.00,82.00,647.00,32.00,50.00,253.00,394.00
93,2020-04-06,A,,281.00,,,,,,,,6.00,89.00,,,,
93,2020-04-06,B,50.00,682.00,13.00,,,,,,,51.00,277.00,,,,
93,2020-04-06,C,75.00,526.00,42.00,,,,,,,20.00,125.00,,,,
93,2020-04-06,D,18.00,215.00,14.00,,,,,,,2.00,60.00,,,,
93,2020-04-06,E,64.00,420.00,58.00,,,,,,,3.00,95.00,,,,
94,2020-04-06,0,23.00,131.00,21.00,11.00,12.00,64.00,67.00,11.00,10.00,3.00,31.00,1.00,2.00,14.00,17.00
94,2020-04-06,A,,7.00,,,,,,,,,2.00,,,,
94,2020-04-06,B,7.00,48.00,7.00,,,,,,,3.00,14.00,,,,
94,2020-04-06,C,13.00,47.00,11.00,,,,,,,,7.00,,,,
94,2020-04-06,D,1.00,12.00,1.00,,,,,,,,3.00,,,,
94,2020-04-06,E,2.00,17.00,2.00,,,,,,,,5.00,,,,
01,2020-04-07,0,11.00,141.00,5.00,8.00,3.00,65.00,76.00,3.00,2.00,,,,,,
01,2020-04-07,A,4.00,18.00,,,,,,,,,,,,,
01,2020-04-07,B,,54.00,,,,,,,,,,,,,
01,2020-04-07,C,4.00,34.00,2.00,,,,,,,,,,,,
01,2020-04-07,D,1.00,12.00,1.00,,,,,,,,,,,,
01,2020-04-07,E,2.00,23.00,2.00,,,,,,,,,,,,
02,2020-04-07,0,,,,,,,,,,,81.00,,,30.00,51.00
02,2020-04-07,A,,,,,,,,,,,6.00,,,,
02,2020-04-07,B,,,,,,,,,,,18.00,,,,
02,2020-04-07,C,,,,,,,,,,,25.00,,,,
02,2020-04-07,D,,,,,,,,,,,10.00,,,,
02,2020-04-07,E,,,,,,,,,,,22.00,,,,
03,2020-04-07,0,3.00,140.00,1.00,1.00,2.00,71.00,69.00,,1.00,,,,,,
03,2020-04-07,A,,30.00,,,,,,,,,,,,,
03,2020-04-07,B,3.00,76.00,1.00,,,,,,,,,,,,
03,2020-04-07,C,,24.00,,,,,,,,,,,,,
03,2020-04-07,D,,6.00,,,,,,,,,,,,,
03,2020-04-07,E,,4.00,,,,,,,,,,,,,
04,2020-04-07,0,11.00,313.00,9.00,7.00,4.00,178.00,135.00,6.00,3.00,,,,,,
04,2020-04-07,A,1.00,43.00,1.00,,,,,,,,,,,,
04,2020-04-07,B,4.00,117.00,4.00,,,,,,,,,,,,
04,2020-04-07,C,2.00,79.00,,,,,,,,,,,,,
04,2020-04-07,D,2.00,35.00,2.00,,,,,,,,,,,,
04,2020-04-07,E,2.00,39.00,2.00,,,,,,,,,,,,
06,2020-04-07,0,6.00,80.00,4.00,5.00,1.00,42.00,38.00,4.00,,,,,,,
06,2020-04-07,A,,20.00,,,,,,,,,,,,,
06,2020-04-07,B,1.00,32.00,,,,,,,,,,,,,
06,2020-04-07,C,2.00,18.00,1.00,,,,,,,,,,,,
06,2020-04-07,D,3.00,7.00,3.00,,,,,,,,,,,,
06,2020-04-07,E,,3.00,,,,,,,,,,,,,
07,2020-04-07,0,,10.00,,,,7.00,3.00,,,,,,,,
07,2020-04-07,A,,,,,,,,,,,,,,,
07,2020-04-07,B,,5.00,,,,,,,,,,,,,
07,2020-04-07,C,,4.00,,,,,,,,,,,,,
07,2020-04-07,D,,,,,,,,,,,,,,,
07,2020-04-07,E,,1.00,,,,,,,,,,,,,
08,2020-04-07,0,,14.00,,,,10.00,4.00,,,,,,,,
08,2020-04-07,A,,1.00,,,,,,,,,,,,,
08,2020-04-07,B,,8.00,,,,,,,,,,,,,
08,2020-04-07,C,,2.00,,,,,,,,,,,,,
08,2020-04-07,D,,2.00,,,,,,,,,,,,,
08,2020-04-07,E,,1.00,,,,,,,,,,,,,
11,2020-04-07,0,1040.00,4203.00,357.00,515.00,525.00,2213.00,1990.00,216.00,141.00,190.00,1029.00,78.00,112.00,420.00,609.00
11,2020-04-07,A,10.00,520.00,,,,,,,,9.00,128.00,,,,
11,2020-04-07,B,408.00,1633.00,50.00,,,,,,,78.00,405.00,,,,
11,2020-04-07,C,361.00,1134.00,113.00,,,,,,,59.00,222.00,,,,
11,2020-04-07,D,97.00,356.00,63.00,,,,,,,20.00,91.00,,,,
11,2020-04-07,E,164.00,560.00,131.00,,,,,,,23.00,177.00,,,,
24,2020-04-07,0,104.00,960.00,28.00,43.00,61.00,513.00,447.00,13.00,15.00,18.00,152.00,10.00,8.00,67.00,85.00
24,2020-04-07,A,1.00,146.00,,,,,,,,,17.00,,,,
24,2020-04-07,B,32.00,279.00,6.00,,,,,,,8.00,76.00,,,,
24,2020-04-07,C,29.00,216.00,6.00,,,,,,,7.00,34.00,,,,
24,2020-04-07,D,12.00,99.00,6.00,,,,,,,2.00,9.00,,,,
24,2020-04-07,E,30.00,220.00,10.00,,,,,,,1.00,16.00,,,,
27,2020-04-07,0,182.00,1171.00,82.00,65.00,117.00,565.00,606.00,29.00,53.00,22.00,123.00,6.00,16.00,44.00,79.00
27,2020-04-07,A,4.00,113.00,2.00,,,,,,,2.00,18.00,,,,
27,2020-04-07,B,58.00,366.00,9.00,,,,,,,11.00,47.00,,,,
27,2020-04-07,C,52.00,282.00,19.00,,,,,,,7.00,33.00,,,,
27,2020-04-07,D,20.00,137.00,13.00,,,,,,,1.00,9.00,,,,
27,2020-04-07,E,48.00,273.00,39.00,,,,,,,1.00,16.00,,,,
28,2020-04-07,0,79.00,1283.00,27.00,33.00,46.00,685.00,597.00,16.00,11.00,53.00,261.00,25.00,28.00,114.00,147.00
28,2020-04-07,A,1.00,202.00,,,,,,,,4.00,33.00,,,,
28,2020-04-07,B,29.00,422.00,8.00,,,,,,,35.00,136.00,,,,
28,2020-04-07,C,27.00,301.00,5.00,,,,,,,7.00,56.00,,,,
28,2020-04-07,D,11.00,146.00,6.00,,,,,,,4.00,13.00,,,,
28,2020-04-07,E,11.00,212.00,8.00,,,,,,,3.00,22.00,,,,
32,2020-04-07,0,248.00,1955.00,95.00,96.00,152.00,1017.00,938.00,38.00,57.00,68.00,447.00,33.00,35.00,212.00,235.00
32,2020-04-07,A,2.00,281.00,1.00,,,,,,,4.00,73.00,,,,
32,2020-04-07,B,73.00,677.00,8.00,,,,,,,47.00,223.00,,,,
32,2020-04-07,C,82.00,461.00,30.00,,,,,,,16.00,96.00,,,,
32,2020-04-07,D,26.00,197.00,15.00,,,,,,,1.00,17.00,,,,
32,2020-04-07,E,65.00,339.00,41.00,,,,,,,,33.00,,,,
44,2020-04-07,0,306.00,1867.00,161.00,150.00,156.00,903.00,963.00,94.00,67.00,77.00,479.00,33.00,43.00,212.00,266.00
44,2020-04-07,A,3.00,232.00,2.00,,,,,,,2.00,63.00,,,,
44,2020-04-07,B,87.00,601.00,16.00,,,,,,,45.00,208.00,,,,
44,2020-04-07,C,100.00,438.00,44.00,,,,,,,23.00,108.00,,,,
44,2020-04-07,D,43.00,194.00,35.00,,,,,,,3.00,42.00,,,,
44,2020-04-07,E,73.00,402.00,64.00,,,,,,,4.00,56.00,,,,
52,2020-04-07,0,156.00,1072.00,74.00,76.00,80.00,574.00,498.00,41.00,33.00,41.00,301.00,15.00,25.00,126.00,174.00
52,2020-04-07,A,,163.00,,,,,,,,8.00,51.00,,,,
52,2020-04-07,B,49.00,339.00,6.00,,,,,,,18.00,118.00,,,,
52,2020-04-07,C,52.00,281.00,24.00,,,,,,,9.00,51.00,,,,
52,2020-04-07,D,12.00,99.00,8.00,,,,,,,1.00,25.00,,,,
52,2020-04-07,E,43.00,190.00,36.00,,,,,,,5.00,55.00,,,,
53,2020-04-07,0,97.00,1151.00,50.00,43.00,54.00,560.00,590.00,24.00,26.00,14.00,212.00,7.00,7.00,98.00,114.00
53,2020-04-07,A,,164.00,,,,,,,,,19.00,,,,
53,2020-04-07,B,39.00,343.00,10.00,,,,,,,9.00,91.00,,,,
53,2020-04-07,C,32.00,280.00,18.00,,,,,,,2.00,48.00,,,,
53,2020-04-07,D,2.00,116.00,,,,,,,,1.00,20.00,,,,
53,2020-04-07,E,24.00,248.00,22.00,,,,,,,2.00,34.00,,,,
75,2020-04-07,0,189.00,2190.00,111.00,85.00,104.00,1135.00,1055.00,60.00,51.00,83.00,755.00,31.00,52.00,346.00,409.00
75,2020-04-07,A,2.00,254.00,2.00,,,,,,,7.00,111.00,,,,
75,2020-04-07,B,66.00,706.00,15.00,,,,,,,47.00,329.00,,,,
75,2020-04-07,C,43.00,482.00,22.00,,,,,,,19.00,160.00,,,,
75,2020-04-07,D,15.00,259.00,12.00,,,,,,,3.00,50.00,,,,
75,2020-04-07,E,63.00,489.00,60.00,,,,,,,7.00,105.00,,,,
76,2020-04-07,0,159.00,2073.00,83.00,76.00,83.00,1129.00,944.00,44.00,39.00,23.00,238.00,7.00,16.00,90.00,148.00
76,2020-04-07,A,7.00,214.00,3.00,,,,,,,1.00,36.00,,,,
76,2020-04-07,B,59.00,764.00,15.00,,,,,,,16.00,130.00,,,,
76,2020-04-07,C,45.00,491.00,24.00,,,,,,,4.00,39.00,,,,
76,2020-04-07,D,13.00,212.00,10.00,,,,,,,,11.00,,,,
76,2020-04-07,E,35.00,392.00,31.00,,,,,,,2.00,22.00,,,,
84,2020-04-07,0,346.00,2696.00,143.00,162.00,184.00,1375.00,1321.00,76.00,67.00,115.00,601.00,36.00,79.00,255.00,345.00
84,2020-04-07,A,4.00,375.00,1.00,,,,,,,10.00,84.00,,,,
84,2020-04-07,B,102.00,870.00,11.00,,,,,,,59.00,247.00,,,,
84,2020-04-07,C,109.00,648.00,31.00,,,,,,,26.00,116.00,,,,
84,2020-04-07,D,46.00,324.00,31.00,,,,,,,7.00,38.00,,,,
84,2020-04-07,E,85.00,479.00,69.00,,,,,,,13.00,116.00,,,,
93,2020-04-07,0,219.00,2110.00,125.00,106.00,113.00,1076.00,1033.00,68.00,57.00,73.00,580.00,36.00,37.00,226.00,354.00
93,2020-04-07,A,1.00,265.00,,,,,,,,12.00,92.00,,,,
93,2020-04-07,B,67.00,703.00,22.00,,,,,,,33.00,197.00,,,,
93,2020-04-07,C,67.00,498.00,30.00,,,,,,,17.00,126.00,,,,
93,2020-04-07,D,37.00,241.00,29.00,,,,,,,5.00,55.00,,,,
93,2020-04-07,E,47.00,403.00,44.00,,,,,,,6.00,108.00,,,,
94,2020-04-07,0,21.00,124.00,17.00,7.00,14.00,64.00,60.00,5.00,12.00,7.00,30.00,3.00,4.00,11.00,19.00
94,2020-04-07,A,,11.00,,,,,,,,,2.00,,,,
94,2020-04-07,B,10.00,43.00,6.00,,,,,,,5.00,14.00,,,,
94,2020-04-07,C,5.00,34.00,5.00,,,,,,,2.00,11.00,,,,
94,2020-04-07,D,4.00,18.00,4.00,,,,,,,,1.00,,,,
94,2020-04-07,E,2.00,18.00,2.00,,,,,,,,2.00,,,,
01,2020-04-08,0,9.00,138.00,4.00,4.00,5.00,60.00,78.00,2.00,2.00,,,,,,
01,2020-04-08,A,,17.00,,,,,,,,,,,,,
01,2020-04-08,B,1.00,56.00,,,,,,,,,,,,,
01,2020-04-08,C,4.00,31.00,1.00,,,,,,,,,,,,
01,2020-04-08,D,2.00,19.00,1.00,,,,,,,,,,,,
01,2020-04-08,E,2.00,15.00,2.00,,,,,,,,,,,,
02,2020-04-08,0,,,,,,,,,,2.00,105.00,1.00,1.00,37.00,68.00
02,2020-04-08,A,,,,,,,,,,,6.00,,,,
02,2020-04-08,B,,,,,,,,,,1.00,41.00,,,,
02,2020-04-08,C,,,,,,,,,,,19.00,,,,
02,2020-04-08,D,,,,,,,,,,1.00,13.00,,,,
02,2020-04-08,E,,,,,,,,,,,26.00,,,,
03,2020-04-08,0,1.00,150.00,,,1.00,87.00,63.00,,,,,,,,
03,2020-04-08,A,,36.00,,,,,,,,,,,,,
03,2020-04-08,B,1.00,73.00,,,,,,,,,,,,,
03,2020-04-08,C,,32.00,,,,,,,,,,,,,
03,2020-04-08,D,,4.00,,,,,,,,,,,,,
03,2020-04-08,E,,5.00,,,,,,,,,,,,,
04,2020-04-08,0,8.00,262.00,3.00,3.00,5.00,141.00,121.00,1.00,2.00,,,,,,
04,2020-04-08,A,,35.00,,,,,,,,,,,,,
04,2020-04-08,B,4.00,89.00,1.00,,,,,,,,,,,,
04,2020-04-08,C,2.00,78.00,1.00,,,,,,,,,,,,
04,2020-04-08,D,,30.00,,,,,,,,,,,,,
04,2020-04-08,E,2.00,30.00,1.00,,,,,,,,,,,,
06,2020-04-08,0,9.00,90.00,1.00,4.00,5.00,53.00,37.00,,1.00,,,,,,
06,2020-04-08,A,1.00,28.00,1.00,,,,,,,,,,,,
06,2020-04-08,B,7.00,43.00,,,,,,,,,,,,,
06,2020-04-08,C,1.00,12.00,,,,,,,,,,,,,
06,2020-04-08,D,,5.00,,,,,,,,,,,,,
06,2020-04-08,E,,2.00,,,,,,,,,,,,,
07,2020-04-08,0,2.00,13.00,,1.00,1.00,9.00,4.00,,,,,,,,
07,2020-04-08,A,,,,,,,,,,,,,,,
07,2020-04-08,B,1.00,3.00,,,,,,,,,,,,,
07,2020-04-08,C,1.00,7.00,,,,,,,,,,,,,
07,2020-04-08,D,,1.00,,,,,,,,,,,,,
07,2020-04-08,E,,2.00,,,,,,,,,,,,,
08,2020-04-08,0,,19.00,,,,8.00,11.00,,,,,,,,
08,2020-04-08,A,,3.00,,,,,,,,,,,,,
08,2020-04-08,B,,8.00,,,,,,,,,,,,,
08,2020-04-08,C,,4.00,,,,,,,,,,,,,
08,2020-04-08,D,,4.00,,,,,,,,,,,,,
08,2020-04-08,E,,,,,,,,,,,,,,,
11,2020-04-08,0,930.00,4091.00,301.00,438.00,491.00,2119.00,1971.00,179.00,122.00,199.00,950.00,78.00,121.00,368.00,582.00
11,2020-04-08,A,11.00,529.00,3.00,,,,,,,11.00,109.00,,,,
11,2020-04-08,B,343.00,1543.00,33.00,,,,,,,85.00,332.00,,,,
11,2020-04-08,C,348.00,1115.00,108.00,,,,,,,53.00,229.00,,,,
11,2020-04-08,D,106.00,364.00,60.00,,,,,,,21.00,91.00,,,,
11,2020-04-08,E,122.00,540.00,97.00,,,,,,,28.00,181.00,,,,
24,2020-04-08,0,92.00,873.00,29.00,45.00,47.00,445.00,428.00,16.00,13.00,10.00,167.00,2.00,8.00,72.00,95.00
24,2020-04-08,A,1.00,136.00,,,,,,,,,19.00,,,,
24,2020-04-08,B,34.00,274.00,6.00,,,,,,,8.00,88.00,,,,
24,2020-04-08,C,20.00,196.00,4.00,,,,,,,2.00,36.00,,,,
24,2020-04-08,D,13.00,90.00,6.00,,,,,,,,12.00,,,,
24,2020-04-08,E,24.00,177.00,13.00,,,,,,,,11.00,,,,
27,2020-04-08,0,188.00,1140.00,76.00,72.00,116.00,573.00,567.00,35.00,41.00,22.00,165.00,12.00,10.00,68.00,97.00
27,2020-04-08,A,4.00,133.00,1.00,,,,,,,1.00,28.00,,,,
27,2020-04-08,B,68.00,384.00,5.00,,,,,,,14.00,73.00,,,,
27,2020-04-08,C,55.00,273.00,19.00,,,,,,,7.00,37.00,,,,
27,2020-04-08,D,19.00,144.00,14.00,,,,,,,,13.00,,,,
27,2020-04-08,E,42.00,206.00,37.00,,,,,,,,13.00,,,,
28,2020-04-08,0,85.00,1207.00,35.00,42.00,43.00,632.00,575.00,20.00,15.00,28.00,237.00,16.00,12.00,103.00,134.00
28,2020-04-08,A,3.00,203.00,,,,,,,,,40.00,,,,
28,2020-04-08,B,24.00,375.00,3.00,,,,,,,19.00,118.00,,,,
28,2020-04-08,C,28.00,240.00,12.00,,,,,,,6.00,40.00,,,,
28,2020-04-08,D,10.00,152.00,6.00,,,,,,,,15.00,,,,
28,2020-04-08,E,20.00,237.00,14.00,,,,,,,3.00,24.00,,,,
32,2020-04-08,0,253.00,2037.00,90.00,119.00,134.00,1045.00,992.00,50.00,40.00,57.00,468.00,22.00,35.00,197.00,271.00
32,2020-04-08,A,5.00,339.00,2.00,,,,,,,5.00,90.00,,,,
32,2020-04-08,B,88.00,712.00,9.00,,,,,,,32.00,216.00,,,,
32,2020-04-08,C,74.00,450.00,20.00,,,,,,,11.00,92.00,,,,
32,2020-04-08,D,27.00,199.00,20.00,,,,,,,4.00,28.00,,,,
32,2020-04-08,E,59.00,337.00,39.00,,,,,,,5.00,39.00,,,,
44,2020-04-08,0,280.00,1871.00,137.00,116.00,164.00,962.00,909.00,70.00,67.00,101.00,487.00,43.00,58.00,222.00,265.00
44,2020-04-08,A,6.00,226.00,1.00,,,,,,,8.00,64.00,,,,
44,2020-04-08,B,82.00,591.00,20.00,,,,,,,54.00,209.00,,,,
44,2020-04-08,C,85.00,465.00,31.00,,,,,,,20.00,109.00,,,,
44,2020-04-08,D,36.00,222.00,26.00,,,,,,,9.00,32.00,,,,
44,2020-04-08,E,71.00,367.00,59.00,,,,,,,10.00,69.00,,,,
52,2020-04-08,0,127.00,1036.00,72.00,56.00,71.00,522.00,514.00,35.00,37.00,40.00,322.00,20.00,20.00,157.00,165.00
52,2020-04-08,A,1.00,149.00,1.00,,,,,,,5.00,38.00,,,,
52,2020-04-08,B,37.00,310.00,6.00,,,,,,,21.00,142.00,,,,
52,2020-04-08,C,39.00,234.00,22.00,,,,,,,9.00,62.00,,,,
52,2020-04-08,D,16.00,111.00,10.00,,,,,,,1.00,29.00,,,,
52,2020-04-08,E,34.00,232.00,33.00,,,,,,,4.00,51.00,,,,
53,2020-04-08,0,86.00,1215.00,43.00,40.00,46.00,616.00,599.00,21.00,22.00,15.00,222.00,5.00,10.00,78.00,144.00
53,2020-04-08,A,1.00,165.00,1.00,,,,,,,,34.00,,,,
53,2020-04-08,B,25.00,344.00,3.00,,,,,,,8.00,87.00,,,,
53,2020-04-08,C,20.00,291.00,8.00,,,,,,,3.00,43.00,,,,
53,2020-04-08,D,10.00,116.00,7.00,,,,,,,1.00,17.00,,,,
53,2020-04-08,E,30.00,299.00,24.00,,,,,,,3.00,41.00,,,,
75,2020-04-08,0,236.00,2126.00,107.00,109.00,127.00,1103.00,1023.00,58.00,49.00,82.00,742.00,34.00,48.00,295.00,447.00
75,2020-04-08,A,3.00,227.00,,,,,,,,7.00,123.00,,,,
75,2020-04-08,B,74.00,670.00,20.00,,,,,,,41.00,299.00,,,,
75,2020-04-08,C,77.00,497.00,28.00,,,,,,,24.00,170.00,,,,
75,2020-04-08,D,26.00,236.00,14.00,,,,,,,7.00,52.00,,,,
75,2020-04-08,E,56.00,496.00,45.00,,,,,,,3.00,98.00,,,,
76,2020-04-08,0,169.00,2106.00,80.00,67.00,102.00,1104.00,1002.00,36.00,44.00,29.00,231.00,11.00,18.00,96.00,135.00
76,2020-04-08,A,9.00,256.00,3.00,,,,,,,5.00,35.00,,,,
76,2020-04-08,B,58.00,717.00,15.00,,,,,,,16.00,111.00,,,,
76,2020-04-08,C,48.00,508.00,20.00,,,,,,,5.00,45.00,,,,
76,2020-04-08,D,16.00,235.00,13.00,,,,,,,3.00,17.00,,,,
76,2020-04-08,E,38.00,390.00,29.00,,,,,,,,23.00,,,,
84,2020-04-08,0,356.00,2685.00,150.00,151.00,205.00,1353.00,1332.00,73.00,77.00,92.00,657.00,43.00,49.00,284.00,373.00
84,2020-04-08,A,12.00,421.00,,,,,,,,8.00,83.00,,,,
84,2020-04-08,B,110.00,878.00,11.00,,,,,,,51.00,280.00,,,,
84,2020-04-08,C,102.00,580.00,42.00,,,,,,,20.00,129.00,,,,
84,2020-04-08,D,49.00,286.00,31.00,,,,,,,6.00,46.00,,,,
84,2020-04-08,E,83.00,520.00,66.00,,,,,,,7.00,118.00,,,,
93,2020-04-08,0,176.00,2001.00,86.00,90.00,86.00,1048.00,953.00,54.00,32.00,107.00,660.00,44.00,63.00,258.00,402.00
93,2020-04-08,A,2.00,271.00,1.00,,,,,,,11.00,103.00,,,,
93,2020-04-08,B,48.00,631.00,12.00,,,,,,,46.00,249.00,,,,
93,2020-04-08,C,56.00,522.00,18.00,,,,,,,34.00,151.00,,,,
93,2020-04-08,D,30.00,208.00,19.00,,,,,,,9.00,61.00,,,,
93,2020-04-08,E,40.00,369.00,36.00,,,,,,,7.00,95.00,,,,
94,2020-04-08,0,14.00,120.00,14.00,5.00,9.00,61.00,59.00,5.00,9.00,1.00,19.00,,1.00,9.00,10.00
94,2020-04-08,A,,15.00,,,,,,,,,8.00,,,,
94,2020-04-08,B,6.00,39.00,6.00,,,,,,,1.00,6.00,,,,
94,2020-04-08,C,6.00,32.00,6.00,,,,,,,,3.00,,,,
94,2020-04-08,D,,11.00,,,,,,,,,,,,,
94,2020-04-08,E,2.00,23.00,2.00,,,,,,,,2.00,,,,
01,2020-04-09,0,10.00,138.00,5.00,3.00,7.00,53.00,85.00,,5.00,,,,,,
01,2020-04-09,A,1.00,15.00,1.00,,,,,,,,,,,,
01,2020-04-09,B,4.00,59.00,1.00,,,,,,,,,,,,
01,2020-04-09,C,2.00,30.00,1.00,,,,,,,,,,,,
01,2020-04-09,D,2.00,23.00,1.00,,,,,,,,,,,,
01,2020-04-09,E,1.00,11.00,1.00,,,,,,,,,,,,
02,2020-04-09,0,,,,,,,,,,6.00,99.00,2.00,4.00,43.00,56.00
02,2020-04-09,A,,,,,,,,,,2.00,15.00,,,,
02,2020-04-09,B,,,,,,,,,,1.00,24.00,,,,
02,2020-04-09,C,,,,,,,,,,1.00,21.00,,,,
02,2020-04-09,D,,,,,,,,,,,12.00,,,,
02,2020-04-09,E,,,,,,,,,,2.00,27.00,,,,
03,2020-04-09,0,1.00,124.00,1.00,1.00,,57.00,67.00,1.00,,,,,,,
03,2020-04-09,A,,18.00,,,,,,,,,,,,,
03,2020-04-09,B,,66.00,,,,,,,,,,,,,
03,2020-04-09,C,,24.00,,,,,,,,,,,,,
03,2020-04-09,D,,5.00,,,,,,,,,,,,,
03,2020-04-09,E,1.00,11.00,1.00,,,,,,,,,,,,
04,2020-04-09,0,8.00,271.00,6.00,5.00,3.00,154.00,117.00,4.00,2.00,,,,,,
04,2020-04-09,A,,45.00,,,,,,,,,,,,,
04,2020-04-09,B,3.00,95.00,2.00,,,,,,,,,,,,
04,2020-04-09,C,2.00,79.00,1.00,,,,,,,,,,,,
04,2020-04-09,D,2.00,26.00,2.00,,,,,,,,,,,,
04,2020-04-09,E,1.00,26.00,1.00,,,,,,,,,,,,
06,2020-04-09,0,9.00,94.00,4.00,5.00,4.00,57.00,37.00,3.00,1.00,,,,,,
06,2020-04-09,A,,23.00,,,,,,,,,,,,,
06,2020-04-09,B,2.00,41.00,,,,,,,,,,,,,
06,2020-04-09,C,4.00,23.00,1.00,,,,,,,,,,,,
06,2020-04-09,D,,3.00,,,,,,,,,,,,,
06,2020-04-09,E,3.00,4.00,3.00,,,,,,,,,,,,
07,2020-04-09,0,,12.00,,,,6.00,6.00,,,,,,,,
07,2020-04-09,A,,2.00,,,,,,,,,,,,,
07,2020-04-09,B,,6.00,,,,,,,,,,,,,
07,2020-04-09,C,,4.00,,,,,,,,,,,,,
07,2020-04-09,D,,,,,,,,,,,,,,,
07,2020-04-09,E,,,,,,,,,,,,,,,
08,2020-04-09,0,1.00,16.00,1.00,,1.00,11.00,5.00,,1.00,,,,,,
08,2020-04-09,A,,4.00,,,,,,,,,,,,,
08,2020-04-09,B,,6.00,,,,,,,,,,,,,
08,2020-04-09,C,1.00,5.00,1.00,,,,,,,,,,,,
08,2020-04-09,D,,1.00,,,,,,,,,,,,,
08,2020-04-09,E,,,,,,,,,,,,,,,
11,2020-04-09,0,839.00,4097.00,306.00,385.00,454.00,2136.00,1960.00,172.00,134.00,165.00,902.00,75.00,90.00,360.00,541.00
11,2020-04-09,A,9.00,560.00,3.00,,,,,,,5.00,110.00,,,,
11,2020-04-09,B,302.00,1591.00,36.00,,,,,,,67.00,314.00,,,,
11,2020-04-09,C,290.00,1071.00,81.00,,,,,,,54.00,215.00,,,,
11,2020-04-09,D,101.00,347.00,75.00,,,,,,,17.00,88.00,,,,
11,2020-04-09,E,137.00,527.00,111.00,,,,,,,20.00,172.00,,,,
24,2020-04-09,0,104.00,917.00,29.00,48.00,56.00,470.00,446.00,15.00,14.00,26.00,160.00,10.00,16.00,67.00,93.00
24,2020-04-09,A,2.00,152.00,,,,,,,,2.00,15.00,,,,
24,2020-04-09,B,28.00,241.00,3.00,,,,,,,16.00,82.00,,,,
24,2020-04-09,C,29.00,212.00,7.00,,,,,,,5.00,34.00,,,,
24,2020-04-09,D,9.00,130.00,5.00,,,,,,,1.00,10.00,,,,
24,2020-04-09,E,36.00,182.00,14.00,,,,,,,2.00,19.00,,,,
27,2020-04-09,0,218.00,1144.00,105.00,78.00,140.00,586.00,558.00,40.00,65.00,22.00,137.00,10.00,12.00,55.00,82.00
27,2020-04-09,A,5.00,114.00,,,,,,,,1.00,13.00,,,,
27,2020-04-09,B,70.00,366.00,14.00,,,,,,,15.00,60.00,,,,
27,2020-04-09,C,71.00,298.00,37.00,,,,,,,4.00,32.00,,,,
27,2020-04-09,D,30.00,146.00,19.00,,,,,,,1.00,12.00,,,,
27,2020-04-09,E,42.00,220.00,35.00,,,,,,,1.00,20.00,,,,
28,2020-04-09,0,60.00,1271.00,23.00,29.00,31.00,663.00,607.00,15.00,8.00,26.00,214.00,12.00,14.00,89.00,125.00
28,2020-04-09,A,1.00,177.00,,,,,,,,2.00,30.00,,,,
28,2020-04-09,B,22.00,421.00,5.00,,,,,,,17.00,96.00,,,,
28,2020-04-09,C,24.00,299.00,7.00,,,,,,,3.00,41.00,,,,
28,2020-04-09,D,3.00,140.00,2.00,,,,,,,2.00,16.00,,,,
28,2020-04-09,E,10.00,234.00,9.00,,,,,,,2.00,31.00,,,,
32,2020-04-09,0,212.00,2084.00,74.00,95.00,117.00,1084.00,1000.00,34.00,40.00,52.00,415.00,26.00,26.00,201.00,214.00
32,2020-04-09,A,6.00,305.00,2.00,,,,,,,7.00,79.00,,,,
32,2020-04-09,B,59.00,681.00,6.00,,,,,,,29.00,199.00,,,,
32,2020-04-09,C,65.00,487.00,17.00,,,,,,,13.00,81.00,,,,
32,2020-04-09,D,29.00,229.00,13.00,,,,,,,1.00,19.00,,,,
32,2020-04-09,E,53.00,381.00,36.00,,,,,,,2.00,36.00,,,,
44,2020-04-09,0,302.00,1980.00,164.00,135.00,167.00,995.00,984.00,89.00,75.00,92.00,522.00,43.00,48.00,226.00,295.00
44,2020-04-09,A,1.00,267.00,,,,,,,,7.00,75.00,,,,
44,2020-04-09,B,82.00,589.00,10.00,,,,,,,32.00,222.00,,,,
44,2020-04-09,C,95.00,484.00,47.00,,,,,,,30.00,108.00,,,,
44,2020-04-09,D,35.00,230.00,29.00,,,,,,,9.00,39.00,,,,
44,2020-04-09,E,89.00,410.00,78.00,,,,,,,14.00,78.00,,,,
52,2020-04-09,0,113.00,1084.00,61.00,46.00,66.00,572.00,511.00,30.00,31.00,27.00,316.00,16.00,11.00,136.00,179.00
52,2020-04-09,A,2.00,168.00,,,,,,,,2.00,48.00,,,,
52,2020-04-09,B,41.00,338.00,12.00,,,,,,,12.00,122.00,,,,
52,2020-04-09,C,31.00,227.00,17.00,,,,,,,8.00,62.00,,,,
52,2020-04-09,D,11.00,119.00,8.00,,,,,,,1.00,19.00,,,,
52,2020-04-09,E,28.00,232.00,24.00,,,,,,,4.00,65.00,,,,
53,2020-04-09,0,62.00,1193.00,32.00,25.00,37.00,616.00,576.00,15.00,17.00,9.00,189.00,3.00,6.00,90.00,99.00
53,2020-04-09,A,,199.00,,,,,,,,,22.00,,,,
53,2020-04-09,B,20.00,341.00,4.00,,,,,,,4.00,81.00,,,,
53,2020-04-09,C,17.00,255.00,8.00,,,,,,,2.00,39.00,,,,
53,2020-04-09,D,7.00,139.00,5.00,,,,,,,2.00,13.00,,,,
53,2020-04-09,E,18.00,259.00,15.00,,,,,,,1.00,34.00,,,,
75,2020-04-09,0,161.00,2247.00,93.00,71.00,90.00,1163.00,1084.00,45.00,48.00,76.00,700.00,37.00,39.00,304.00,396.00
75,2020-04-09,A,3.00,272.00,,,,,,,,10.00,112.00,,,,
75,2020-04-09,B,40.00,675.00,16.00,,,,,,,40.00,285.00,,,,
75,2020-04-09,C,42.00,519.00,20.00,,,,,,,22.00,158.00,,,,
75,2020-04-09,D,23.00,267.00,13.00,,,,,,,3.00,55.00,,,,
75,2020-04-09,E,53.00,514.00,44.00,,,,,,,1.00,88.00,,,,
76,2020-04-09,0,143.00,2098.00,71.00,57.00,86.00,1070.00,1027.00,30.00,41.00,35.00,255.00,17.00,18.00,92.00,163.00
76,2020-04-09,A,6.00,250.00,,,,,,,,2.00,52.00,,,,
76,2020-04-09,B,54.00,732.00,20.00,,,,,,,18.00,111.00,,,,
76,2020-04-09,C,36.00,504.00,15.00,,,,,,,8.00,46.00,,,,
76,2020-04-09,D,13.00,237.00,7.00,,,,,,,1.00,16.00,,,,
76,2020-04-09,E,34.00,375.00,29.00,,,,,,,6.00,30.00,,,,
84,2020-04-09,0,317.00,2686.00,137.00,148.00,169.00,1383.00,1303.00,76.00,61.00,74.00,566.00,31.00,43.00,236.00,330.00
84,2020-04-09,A,3.00,386.00,1.00,,,,,,,6.00,56.00,,,,
84,2020-04-09,B,108.00,932.00,18.00,,,,,,,44.00,251.00,,,,
84,2020-04-09,C,101.00,628.00,32.00,,,,,,,10.00,102.00,,,,
84,2020-04-09,D,38.00,275.00,28.00,,,,,,,8.00,46.00,,,,
84,2020-04-09,E,67.00,465.00,58.00,,,,,,,6.00,110.00,,,,
93,2020-04-09,0,239.00,2086.00,91.00,99.00,140.00,1046.00,1040.00,50.00,41.00,87.00,591.00,27.00,60.00,250.00,341.00
93,2020-04-09,A,4.00,282.00,,,,,,,,11.00,81.00,,,,
93,2020-04-09,B,90.00,663.00,16.00,,,,,,,41.00,214.00,,,,
93,2020-04-09,C,83.00,517.00,23.00,,,,,,,20.00,127.00,,,,
93,2020-04-09,D,22.00,223.00,16.00,,,,,,,8.00,57.00,,,,
93,2020-04-09,E,40.00,401.00,36.00,,,,,,,7.00,112.00,,,,
94,2020-04-09,0,26.00,135.00,25.00,17.00,9.00,75.00,60.00,16.00,9.00,2.00,18.00,2.00,,5.00,13.00
94,2020-04-09,A,,15.00,,,,,,,,,2.00,,,,
94,2020-04-09,B,7.00,38.00,6.00,,,,,,,,7.00,,,,
94,2020-04-09,C,12.00,49.00,12.00,,,,,,,2.00,6.00,,,,
94,2020-04-09,D,1.00,13.00,1.00,,,,,,,,,,,,
94,2020-04-09,E,6.00,20.00,6.00,,,,,,,,3.00,,,,
01,2020-04-10,0,3.00,118.00,2.00,1.00,2.00,58.00,60.00,1.00,1.00,,,,,,
01,2020-04-10,A,,21.00,,,,,,,,,,,,,
01,2020-04-10,B,,53.00,,,,,,,,,,,,,
01,2020-04-10,C,1.00,22.00,,,,,,,,,,,,,
01,2020-04-10,D,,11.00,,,,,,,,,,,,,
01,2020-04-10,E,2.00,11.00,2.00,,,,,,,,,,,,
02,2020-04-10,0,,,,,,,,,,4.00,93.00,3.00,1.00,47.00,46.00
02,2020-04-10,A,,,,,,,,,,1.00,13.00,,,,
02,2020-04-10,B,,,,,,,,,,1.00,28.00,,,,
02,2020-04-10,C,,,,,,,,,,,17.00,,,,
02,2020-04-10,D,,,,,,,,,,,19.00,,,,
02,2020-04-10,E,,,,,,,,,,2.00,16.00,,,,
03,2020-04-10,0,2.00,145.00,2.00,1.00,1.00,69.00,76.00,1.00,1.00,,,,,,
03,2020-04-10,A,1.00,29.00,1.00,,,,,,,,,,,,
03,2020-04-10,B,,84.00,,,,,,,,,,,,,
03,2020-04-10,C,,25.00,,,,,,,,,,,,,
03,2020-04-10,D,1.00,5.00,1.00,,,,,,,,,,,,
03,2020-04-10,E,,2.00,,,,,,,,,,,,,
04,2020-04-10,0,11.00,313.00,5.00,9.00,2.00,184.00,129.00,4.00,1.00,,,,,,
04,2020-04-10,A,1.00,41.00,,,,,,,,,,,,,
04,2020-04-10,B,3.00,101.00,2.00,,,,,,,,,,,,
04,2020-04-10,C,6.00,107.00,2.00,,,,,,,,,,,,
04,2020-04-10,D,,28.00,,,,,,,,,,,,,
04,2020-04-10,E,1.00,36.00,1.00,,,,,,,,,,,,
06,2020-04-10,0,12.00,72.00,3.00,8.00,4.00,36.00,36.00,3.00,,,,,,,
06,2020-04-10,A,1.00,14.00,1.00,,,,,,,,,,,,
06,2020-04-10,B,5.00,30.00,,,,,,,,,,,,,
06,2020-04-10,C,6.00,20.00,2.00,,,,,,,,,,,,
06,2020-04-10,D,,8.00,,,,,,,,,,,,,
06,2020-04-10,E,,,,,,,,,,,,,,,
07,2020-04-10,0,1.00,18.00,,1.00,,13.00,5.00,,,,,,,,
07,2020-04-10,A,,,,,,,,,,,,,,,
07,2020-04-10,B,1.00,6.00,,,,,,,,,,,,,
07,2020-04-10,C,,12.00,,,,,,,,,,,,,
07,2020-04-10,D,,,,,,,,,,,,,,,
07,2020-04-10,E,,,,,,,,,,,,,,,
08,2020-04-10,0,,11.00,,,,6.00,5.00,,,,,,,,
08,2020-04-10,A,,2.00,,,,,,,,,,,,,
08,2020-04-10,B,,5.00,,,,,,,,,,,,,
08,2020-04-10,C,,4.00,,,,,,,,,,,,,
08,2020-04-10,D,,,,,,,,,,,,,,,
08,2020-04-10,E,,,,,,,,,,,,,,,
11,2020-04-10,0,966.00,4284.00,369.00,466.00,498.00,2246.00,2035.00,200.00,169.00,121.00,865.00,58.00,63.00,350.00,513.00
11,2020-04-10,A,14.00,569.00,5.00,,,,,,,7.00,133.00,,,,
11,2020-04-10,B,340.00,1604.00,42.00,,,,,,,46.00,285.00,,,,
11,2020-04-10,C,331.00,1109.00,114.00,,,,,,,37.00,210.00,,,,
11,2020-04-10,D,96.00,378.00,66.00,,,,,,,6.00,71.00,,,,
11,2020-04-10,E,185.00,624.00,142.00,,,,,,,25.00,162.00,,,,
24,2020-04-10,0,94.00,922.00,18.00,33.00,61.00,471.00,451.00,12.00,6.00,20.00,139.00,8.00,12.00,54.00,85.00
24,2020-04-10,A,,125.00,,,,,,,,,11.00,,,,
24,2020-04-10,B,31.00,296.00,2.00,,,,,,,6.00,69.00,,,,
24,2020-04-10,C,34.00,234.00,4.00,,,,,,,11.00,32.00,,,,
24,2020-04-10,D,8.00,92.00,1.00,,,,,,,1.00,11.00,,,,
24,2020-04-10,E,21.00,175.00,11.00,,,,,,,2.00,15.00,,,,
27,2020-04-10,0,212.00,1201.00,88.00,87.00,125.00,588.00,612.00,47.00,41.00,20.00,128.00,11.00,9.00,51.00,77.00
27,2020-04-10,A,3.00,126.00,1.00,,,,,,,1.00,16.00,,,,
27,2020-04-10,B,59.00,374.00,7.00,,,,,,,13.00,53.00,,,,
27,2020-04-10,C,75.00,305.00,18.00,,,,,,,6.00,31.00,,,,
27,2020-04-10,D,26.00,140.00,21.00,,,,,,,,8.00,,,,
27,2020-04-10,E,49.00,256.00,41.00,,,,,,,,20.00,,,,
28,2020-04-10,0,86.00,1319.00,47.00,31.00,55.00,677.00,641.00,18.00,29.00,26.00,248.00,12.00,14.00,112.00,136.00
28,2020-04-10,A,2.00,207.00,,,,,,,,,53.00,,,,
28,2020-04-10,B,31.00,429.00,10.00,,,,,,,16.00,99.00,,,,
28,2020-04-10,C,19.00,291.00,10.00,,,,,,,6.00,38.00,,,,
28,2020-04-10,D,13.00,146.00,8.00,,,,,,,2.00,18.00,,,,
28,2020-04-10,E,21.00,246.00,19.00,,,,,,,2.00,40.00,,,,
32,2020-04-10,0,259.00,2182.00,90.00,117.00,142.00,1123.00,1058.00,51.00,39.00,50.00,414.00,25.00,25.00,205.00,209.00
32,2020-04-10,A,6.00,356.00,2.00,,,,,,,7.00,62.00,,,,
32,2020-04-10,B,88.00,732.00,10.00,,,,,,,25.00,205.00,,,,
32,2020-04-10,C,69.00,516.00,20.00,,,,,,,11.00,83.00,,,,
32,2020-04-10,D,35.00,210.00,21.00,,,,,,,3.00,27.00,,,,
32,2020-04-10,E,61.00,368.00,37.00,,,,,,,3.00,35.00,,,,
44,2020-04-10,0,219.00,1860.00,116.00,90.00,129.00,925.00,934.00,56.00,60.00,97.00,724.00,34.00,63.00,292.00,432.00
44,2020-04-10,A,5.00,282.00,1.00,,,,,,,1.00,128.00,,,,
44,2020-04-10,B,55.00,570.00,10.00,,,,,,,43.00,280.00,,,,
44,2020-04-10,C,68.00,413.00,34.00,,,,,,,31.00,145.00,,,,
44,2020-04-10,D,29.00,210.00,21.00,,,,,,,9.00,69.00,,,,
44,2020-04-10,E,62.00,385.00,50.00,,,,,,,13.00,97.00,,,,
52,2020-04-10,0,145.00,1206.00,88.00,66.00,79.00,610.00,596.00,41.00,47.00,27.00,313.00,8.00,19.00,145.00,168.00
52,2020-04-10,A,5.00,192.00,1.00,,,,,,,4.00,50.00,,,,
52,2020-04-10,B,29.00,355.00,9.00,,,,,,,14.00,127.00,,,,
52,2020-04-10,C,48.00,264.00,28.00,,,,,,,4.00,55.00,,,,
52,2020-04-10,D,25.00,154.00,17.00,,,,,,,,27.00,,,,
52,2020-04-10,E,38.00,241.00,33.00,,,,,,,5.00,54.00,,,,
53,2020-04-10,0,62.00,1254.00,42.00,33.00,29.00,622.00,632.00,21.00,21.00,16.00,222.00,9.00,7.00,103.00,119.00
53,2020-04-10,A,1.00,209.00,,,,,,,,,26.00,,,,
53,2020-04-10,B,16.00,366.00,5.00,,,,,,,11.00,94.00,,,,
53,2020-04-10,C,13.00,255.00,9.00,,,,,,,1.00,54.00,,,,
53,2020-04-10,D,7.00,130.00,6.00,,,,,,,,13.00,,,,
53,2020-04-10,E,25.00,294.00,22.00,,,,,,,3.00,34.00,,,,
75,2020-04-10,0,177.00,2345.00,86.00,68.00,109.00,1189.00,1156.00,34.00,52.00,57.00,678.00,20.00,37.00,276.00,402.00
75,2020-04-10,A,4.00,297.00,2.00,,,,,,,2.00,97.00,,,,
75,2020-04-10,B,55.00,679.00,9.00,,,,,,,36.00,290.00,,,,
75,2020-04-10,C,44.00,549.00,16.00,,,,,,,8.00,137.00,,,,
75,2020-04-10,D,15.00,283.00,9.00,,,,,,,5.00,71.00,,,,
75,2020-04-10,E,59.00,537.00,50.00,,,,,,,6.00,82.00,,,,
76,2020-04-10,0,160.00,2331.00,80.00,66.00,94.00,1159.00,1172.00,41.00,39.00,34.00,255.00,13.00,21.00,104.00,151.00
76,2020-04-10,A,7.00,256.00,1.00,,,,,,,5.00,47.00,,,,
76,2020-04-10,B,53.00,798.00,17.00,,,,,,,14.00,104.00,,,,
76,2020-04-10,C,49.00,535.00,19.00,,,,,,,10.00,51.00,,,,
76,2020-04-10,D,19.00,271.00,14.00,,,,,,,2.00,14.00,,,,
76,2020-04-10,E,32.00,471.00,29.00,,,,,,,3.00,39.00,,,,
84,2020-04-10,0,334.00,2865.00,135.00,144.00,190.00,1420.00,1445.00,70.00,65.00,84.00,651.00,28.00,56.00,260.00,391.00
84,2020-04-10,A,6.00,425.00,1.00,,,,,,,5.00,73.00,,,,
84,2020-04-10,B,114.00,941.00,12.00,,,,,,,44.00,276.00,,,,
84,2020-04-10,C,91.00,681.00,29.00,,,,,,,22.00,139.00,,,,
84,2020-04-10,D,39.00,288.00,29.00,,,,,,,4.00,51.00,,,,
84,2020-04-10,E,84.00,530.00,64.00,,,,,,,9.00,111.00,,,,
93,2020-04-10,0,210.00,2275.00,98.00,90.00,120.00,1162.00,1113.00,48.00,50.00,77.00,614.00,31.00,46.00,234.00,380.00
93,2020-04-10,A,2.00,299.00,1.00,,,,,,,10.00,90.00,,,,
93,2020-04-10,B,71.00,718.00,20.00,,,,,,,35.00,212.00,,,,
93,2020-04-10,C,77.00,587.00,28.00,,,,,,,23.00,139.00,,,,
93,2020-04-10,D,19.00,222.00,13.00,,,,,,,3.00,64.00,,,,
93,2020-04-10,E,41.00,449.00,36.00,,,,,,,6.00,109.00,,,,
94,2020-04-10,0,18.00,121.00,17.00,8.00,10.00,64.00,57.00,8.00,9.00,3.00,22.00,1.00,2.00,12.00,10.00
94,2020-04-10,A,,8.00,,,,,,,,,1.00,,,,
94,2020-04-10,B,4.00,44.00,4.00,,,,,,,,10.00,,,,
94,2020-04-10,C,9.00,32.00,8.00,,,,,,,3.00,8.00,,,,
94,2020-04-10,D,2.00,14.00,2.00,,,,,,,,1.00,,,,
94,2020-04-10,E,3.00,23.00,3.00,,,,,,,,2.00,,,,
01,2020-04-11,0,9.00,133.00,5.00,7.00,2.00,69.00,64.00,4.00,1.00,,,,,,
01,2020-04-11,A,3.00,22.00,1.00,,,,,,,,,,,,
01,2020-04-11,B,2.00,57.00,1.00,,,,,,,,,,,,
01,2020-04-11,C,1.00,30.00,,,,,,,,,,,,,
01,2020-04-11,D,1.00,8.00,1.00,,,,,,,,,,,,
01,2020-04-11,E,2.00,16.00,2.00,,,,,,,,,,,,
02,2020-04-11,0,,,,,,,,,,7.00,113.00,4.00,3.00,42.00,71.00
02,2020-04-11,A,,,,,,,,,,,16.00,,,,
02,2020-04-11,B,,,,,,,,,,4.00,38.00,,,,
02,2020-04-11,C,,,,,,,,,,2.00,16.00,,,,
02,2020-04-11,D,,,,,,,,,,,14.00,,,,
02,2020-04-11,E,,,,,,,,,,1.00,29.00,,,,
03,2020-04-11,0,1.00,138.00,,,1.00,76.00,62.00,,,,,,,,
03,2020-04-11,A,,37.00,,,,,,,,,,,,,
03,2020-04-11,B,1.00,69.00,,,,,,,,,,,,,
03,2020-04-11,C,,23.00,,,,,,,,,,,,,
03,2020-04-11,D,,6.00,,,,,,,,,,,,,
03,2020-04-11,E,,3.00,,,,,,,,,,,,,
04,2020-04-11,0,6.00,310.00,3.00,3.00,3.00,183.00,127.00,2.00,1.00,,,,,,
04,2020-04-11,A,,50.00,,,,,,,,,,,,,
04,2020-04-11,B,1.00,118.00,1.00,,,,,,,,,,,,
04,2020-04-11,C,3.00,81.00,,,,,,,,,,,,,
04,2020-04-11,D,,32.00,,,,,,,,,,,,,
04,2020-04-11,E,2.00,29.00,2.00,,,,,,,,,,,,
06,2020-04-11,0,14.00,91.00,7.00,6.00,8.00,52.00,39.00,3.00,4.00,,,,,,
06,2020-04-11,A,1.00,17.00,1.00,,,,,,,,,,,,
06,2020-04-11,B,8.00,50.00,4.00,,,,,,,,,,,,
06,2020-04-11,C,3.00,15.00,1.00,,,,,,,,,,,,
06,2020-04-11,D,2.00,6.00,1.00,,,,,,,,,,,,
06,2020-04-11,E,,3.00,,,,,,,,,,,,,
07,2020-04-11,0,,16.00,,,,11.00,5.00,,,,,,,,
07,2020-04-11,A,,1.00,,,,,,,,,,,,,
07,2020-04-11,B,,9.00,,,,,,,,,,,,,
07,2020-04-11,C,,3.00,,,,,,,,,,,,,
07,2020-04-11,D,,1.00,,,,,,,,,,,,,
07,2020-04-11,E,,2.00,,,,,,,,,,,,,
08,2020-04-11,0,,13.00,,,,6.00,7.00,,,,,,,,
08,2020-04-11,A,,1.00,,,,,,,,,,,,,
08,2020-04-11,B,,6.00,,,,,,,,,,,,,
08,2020-04-11,C,,4.00,,,,,,,,,,,,,
08,2020-04-11,D,,2.00,,,,,,,,,,,,,
08,2020-04-11,E,,,,,,,,,,,,,,,
11,2020-04-11,0,670.00,3893.00,255.00,342.00,328.00,2049.00,1844.00,143.00,112.00,137.00,1230.00,62.00,75.00,527.00,701.00
11,2020-04-11,A,10.00,536.00,2.00,,,,,,,5.00,218.00,,,,
11,2020-04-11,B,271.00,1545.00,47.00,,,,,,,65.00,412.00,,,,
11,2020-04-11,C,202.00,973.00,75.00,,,,,,,37.00,257.00,,,,
11,2020-04-11,D,79.00,341.00,46.00,,,,,,,12.00,124.00,,,,
11,2020-04-11,E,108.00,498.00,85.00,,,,,,,17.00,199.00,,,,
24,2020-04-11,0,99.00,957.00,23.00,39.00,60.00,486.00,470.00,10.00,13.00,22.00,281.00,10.00,12.00,129.00,152.00
24,2020-04-11,A,3.00,163.00,,,,,,,,,40.00,,,,
24,2020-04-11,B,28.00,305.00,2.00,,,,,,,15.00,135.00,,,,
24,2020-04-11,C,30.00,187.00,5.00,,,,,,,5.00,55.00,,,,
24,2020-04-11,D,11.00,113.00,4.00,,,,,,,1.00,19.00,,,,
24,2020-04-11,E,27.00,189.00,12.00,,,,,,,1.00,32.00,,,,
27,2020-04-11,0,163.00,1202.00,64.00,57.00,106.00,619.00,583.00,31.00,33.00,35.00,238.00,14.00,21.00,101.00,137.00
27,2020-04-11,A,,159.00,,,,,,,,1.00,31.00,,,,
27,2020-04-11,B,53.00,382.00,8.00,,,,,,,20.00,105.00,,,,
27,2020-04-11,C,59.00,272.00,14.00,,,,,,,8.00,53.00,,,,
27,2020-04-11,D,14.00,147.00,9.00,,,,,,,4.00,24.00,,,,
27,2020-04-11,E,37.00,242.00,33.00,,,,,,,2.00,25.00,,,,
28,2020-04-11,0,58.00,1291.00,29.00,23.00,35.00,685.00,606.00,14.00,15.00,37.00,368.00,15.00,22.00,154.00,214.00
28,2020-04-11,A,4.00,216.00,1.00,,,,,,,2.00,64.00,,,,
28,2020-04-11,B,15.00,382.00,3.00,,,,,,,23.00,153.00,,,,
28,2020-04-11,C,17.00,323.00,8.00,,,,,,,7.00,67.00,,,,
28,2020-04-11,D,7.00,133.00,5.00,,,,,,,3.00,27.00,,,,
28,2020-04-11,E,15.00,237.00,12.00,,,,,,,2.00,57.00,,,,
32,2020-04-11,0,177.00,2016.00,65.00,85.00,92.00,1100.00,916.00,31.00,34.00,53.00,651.00,24.00,29.00,305.00,346.00
32,2020-04-11,A,7.00,345.00,1.00,,,,,,,6.00,145.00,,,,
32,2020-04-11,B,56.00,733.00,13.00,,,,,,,30.00,287.00,,,,
32,2020-04-11,C,57.00,441.00,15.00,,,,,,,8.00,112.00,,,,
32,2020-04-11,D,20.00,195.00,12.00,,,,,,,4.00,40.00,,,,
32,2020-04-11,E,37.00,302.00,24.00,,,,,,,5.00,63.00,,,,
44,2020-04-11,0,202.00,1950.00,104.00,84.00,118.00,1044.00,905.00,57.00,47.00,86.00,748.00,32.00,54.00,328.00,420.00
44,2020-04-11,A,,309.00,,,,,,,,2.00,133.00,,,,
44,2020-04-11,B,53.00,577.00,11.00,,,,,,,39.00,281.00,,,,
44,2020-04-11,C,70.00,471.00,33.00,,,,,,,22.00,134.00,,,,
44,2020-04-11,D,19.00,226.00,14.00,,,,,,,8.00,74.00,,,,
44,2020-04-11,E,60.00,367.00,46.00,,,,,,,15.00,126.00,,,,
52,2020-04-11,0,112.00,1089.00,67.00,57.00,55.00,603.00,486.00,39.00,28.00,43.00,491.00,13.00,30.00,216.00,275.00
52,2020-04-11,A,1.00,203.00,,,,,,,,2.00,76.00,,,,
52,2020-04-11,B,27.00,318.00,4.00,,,,,,,25.00,188.00,,,,
52,2020-04-11,C,25.00,234.00,14.00,,,,,,,11.00,92.00,,,,
52,2020-04-11,D,19.00,133.00,12.00,,,,,,,1.00,42.00,,,,
52,2020-04-11,E,40.00,200.00,37.00,,,,,,,4.00,93.00,,,,
53,2020-04-11,0,51.00,1226.00,33.00,22.00,29.00,644.00,582.00,15.00,18.00,25.00,408.00,10.00,15.00,175.00,233.00
53,2020-04-11,A,2.00,222.00,1.00,,,,,,,1.00,54.00,,,,
53,2020-04-11,B,14.00,355.00,6.00,,,,,,,11.00,173.00,,,,
53,2020-04-11,C,14.00,266.00,7.00,,,,,,,6.00,82.00,,,,
53,2020-04-11,D,5.00,148.00,5.00,,,,,,,2.00,44.00,,,,
53,2020-04-11,E,16.00,235.00,14.00,,,,,,,5.00,55.00,,,,
75,2020-04-11,0,136.00,2280.00,74.00,71.00,65.00,1187.00,1093.00,42.00,32.00,82.00,1091.00,27.00,55.00,463.00,628.00
75,2020-04-11,A,3.00,318.00,1.00,,,,,,,10.00,182.00,,,,
75,2020-04-11,B,38.00,728.00,7.00,,,,,,,46.00,427.00,,,,
75,2020-04-11,C,32.00,495.00,10.00,,,,,,,11.00,211.00,,,,
75,2020-04-11,D,13.00,261.00,9.00,,,,,,,3.00,85.00,,,,
75,2020-04-11,E,50.00,478.00,47.00,,,,,,,12.00,186.00,,,,
76,2020-04-11,0,131.00,2239.00,72.00,54.00,77.00,1126.00,1113.00,32.00,40.00,32.00,413.00,15.00,17.00,181.00,232.00
76,2020-04-11,A,7.00,321.00,1.00,,,,,,,2.00,62.00,,,,
76,2020-04-11,B,46.00,764.00,13.00,,,,,,,17.00,172.00,,,,
76,2020-04-11,C,23.00,492.00,10.00,,,,,,,9.00,90.00,,,,
76,2020-04-11,D,15.00,262.00,13.00,,,,,,,1.00,31.00,,,,
76,2020-04-11,E,40.00,400.00,35.00,,,,,,,3.00,58.00,,,,
84,2020-04-11,0,250.00,2619.00,99.00,106.00,144.00,1351.00,1268.00,51.00,48.00,95.00,874.00,38.00,57.00,375.00,499.00
84,2020-04-11,A,5.00,437.00,1.00,,,,,,,5.00,114.00,,,,
84,2020-04-11,B,81.00,919.00,6.00,,,,,,,49.00,342.00,,,,
84,2020-04-11,C,66.00,575.00,17.00,,,,,,,15.00,173.00,,,,
84,2020-04-11,D,35.00,255.00,19.00,,,,,,,6.00,70.00,,,,
84,2020-04-11,E,63.00,433.00,56.00,,,,,,,20.00,174.00,,,,
93,2020-04-11,0,185.00,2192.00,87.00,100.00,85.00,1118.00,1074.00,49.00,38.00,70.00,762.00,36.00,34.00,328.00,434.00
93,2020-04-11,A,4.00,288.00,,,,,,,,6.00,141.00,,,,
93,2020-04-11,B,62.00,728.00,20.00,,,,,,,33.00,245.00,,,,
93,2020-04-11,C,49.00,527.00,17.00,,,,,,,19.00,156.00,,,,
93,2020-04-11,D,24.00,235.00,16.00,,,,,,,8.00,86.00,,,,
93,2020-04-11,E,46.00,414.00,34.00,,,,,,,4.00,133.00,,,,
94,2020-04-11,0,2.00,110.00,2.00,1.00,1.00,58.00,52.00,1.00,1.00,6.00,47.00,4.00,2.00,18.00,29.00
94,2020-04-11,A,,11.00,,,,,,,,,8.00,,,,
94,2020-04-11,B,1.00,36.00,1.00,,,,,,,4.00,21.00,,,,
94,2020-04-11,C,1.00,27.00,1.00,,,,,,,1.00,6.00,,,,
94,2020-04-11,D,,11.00,,,,,,,,1.00,5.00,,,,
94,2020-04-11,E,,25.00,,,,,,,,,7.00,,,,
01,2020-04-12,0,2.00,105.00,1.00,1.00,1.00,53.00,52.00,1.00,,,,,,,
01,2020-04-12,A,,20.00,,,,,,,,,,,,,
01,2020-04-12,B,,39.00,,,,,,,,,,,,,
01,2020-04-12,C,1.00,24.00,,,,,,,,,,,,,
01,2020-04-12,D,,13.00,,,,,,,,,,,,,
01,2020-04-12,E,1.00,9.00,1.00,,,,,,,,,,,,
02,2020-04-12,0,,,,,,,,,,5.00,88.00,3.00,2.00,27.00,61.00
02,2020-04-12,A,,,,,,,,,,1.00,14.00,,,,
02,2020-04-12,B,,,,,,,,,,3.00,20.00,,,,
02,2020-04-12,C,,,,,,,,,,,28.00,,,,
02,2020-04-12,D,,,,,,,,,,1.00,10.00,,,,
02,2020-04-12,E,,,,,,,,,,,16.00,,,,
03,2020-04-12,0,3.00,124.00,,2.00,1.00,82.00,42.00,,,,,,,,
03,2020-04-12,A,1.00,25.00,,,,,,,,,,,,,
03,2020-04-12,B,1.00,68.00,,,,,,,,,,,,,
03,2020-04-12,C,1.00,21.00,,,,,,,,,,,,,
03,2020-04-12,D,,8.00,,,,,,,,,,,,,
03,2020-04-12,E,,2.00,,,,,,,,,,,,,
04,2020-04-12,0,6.00,292.00,6.00,1.00,5.00,144.00,148.00,1.00,5.00,,,,,,
04,2020-04-12,A,,46.00,,,,,,,,,,,,,
04,2020-04-12,B,,108.00,,,,,,,,,,,,,
04,2020-04-12,C,4.00,78.00,4.00,,,,,,,,,,,,
04,2020-04-12,D,1.00,27.00,1.00,,,,,,,,,,,,
04,2020-04-12,E,1.00,33.00,1.00,,,,,,,,,,,,
06,2020-04-12,0,4.00,81.00,,3.00,1.00,47.00,34.00,,,,,,,,
06,2020-04-12,A,,15.00,,,,,,,,,,,,,
06,2020-04-12,B,3.00,46.00,,,,,,,,,,,,,
06,2020-04-12,C,,14.00,,,,,,,,,,,,,
06,2020-04-12,D,,3.00,,,,,,,,,,,,,
06,2020-04-12,E,1.00,3.00,,,,,,,,,,,,,
07,2020-04-12,0,,11.00,,,,7.00,4.00,,,,,,,,
07,2020-04-12,A,,1.00,,,,,,,,,,,,,
07,2020-04-12,B,,4.00,,,,,,,,,,,,,
07,2020-04-12,C,,3.00,,,,,,,,,,,,,
07,2020-04-12,D,,2.00,,,,,,,,,,,,,
07,2020-04-12,E,,1.00,,,,,,,,,,,,,
08,2020-04-12,0,,9.00,,,,5.00,4.00,,,,,,,,
08,2020-04-12,A,,,,,,,,,,,,,,,
08,2020-04-12,B,,6.00,,,,,,,,,,,,,
08,2020-04-12,C,,3.00,,,,,,,,,,,,,
08,2020-04-12,D,,,,,,,,,,,,,,,
08,2020-04-12,E,,,,,,,,,,,,,,,
11,2020-04-12,0,537.00,3589.00,220.00,265.00,272.00,1871.00,1718.00,118.00,102.00,135.00,1247.00,65.00,70.00,542.00,703.00
11,2020-04-12,A,7.00,574.00,1.00,,,,,,,7.00,225.00,,,,
11,2020-04-12,B,200.00,1445.00,33.00,,,,,,,61.00,448.00,,,,
11,2020-04-12,C,168.00,852.00,65.00,,,,,,,37.00,277.00,,,,
11,2020-04-12,D,55.00,262.00,34.00,,,,,,,11.00,92.00,,,,
11,2020-04-12,E,107.00,456.00,87.00,,,,,,,17.00,191.00,,,,
24,2020-04-12,0,71.00,894.00,25.00,39.00,32.00,472.00,422.00,15.00,10.00,26.00,234.00,9.00,17.00,103.00,131.00
24,2020-04-12,A,1.00,160.00,,,,,,,,1.00,38.00,,,,
24,2020-04-12,B,20.00,278.00,3.00,,,,,,,17.00,111.00,,,,
24,2020-04-12,C,19.00,209.00,3.00,,,,,,,6.00,42.00,,,,
24,2020-04-12,D,8.00,92.00,3.00,,,,,,,1.00,18.00,,,,
24,2020-04-12,E,23.00,155.00,16.00,,,,,,,1.00,25.00,,,,
27,2020-04-12,0,151.00,1099.00,52.00,43.00,108.00,567.00,531.00,28.00,24.00,20.00,188.00,6.00,14.00,87.00,101.00
27,2020-04-12,A,3.00,143.00,1.00,,,,,,,2.00,32.00,,,,
27,2020-04-12,B,51.00,378.00,3.00,,,,,,,8.00,81.00,,,,
27,2020-04-12,C,58.00,262.00,12.00,,,,,,,7.00,38.00,,,,
27,2020-04-12,D,10.00,128.00,9.00,,,,,,,1.00,15.00,,,,
27,2020-04-12,E,29.00,188.00,27.00,,,,,,,2.00,22.00,,,,
28,2020-04-12,0,37.00,1167.00,19.00,13.00,24.00,620.00,547.00,6.00,13.00,26.00,358.00,9.00,17.00,150.00,208.00
28,2020-04-12,A,,225.00,,,,,,,,1.00,66.00,,,,
28,2020-04-12,B,9.00,398.00,4.00,,,,,,,14.00,160.00,,,,
28,2020-04-12,C,14.00,239.00,5.00,,,,,,,6.00,60.00,,,,
28,2020-04-12,D,6.00,130.00,5.00,,,,,,,2.00,30.00,,,,
28,2020-04-12,E,8.00,175.00,5.00,,,,,,,3.00,42.00,,,,
32,2020-04-12,0,182.00,1878.00,72.00,69.00,113.00,991.00,887.00,23.00,49.00,34.00,499.00,11.00,23.00,215.00,284.00
32,2020-04-12,A,10.00,354.00,2.00,,,,,,,1.00,108.00,,,,
32,2020-04-12,B,51.00,699.00,11.00,,,,,,,22.00,218.00,,,,
32,2020-04-12,C,47.00,366.00,18.00,,,,,,,7.00,95.00,,,,
32,2020-04-12,D,18.00,170.00,7.00,,,,,,,2.00,35.00,,,,
32,2020-04-12,E,56.00,289.00,34.00,,,,,,,2.00,42.00,,,,
44,2020-04-12,0,169.00,1723.00,92.00,81.00,88.00,908.00,814.00,51.00,41.00,95.00,780.00,42.00,53.00,331.00,448.00
44,2020-04-12,A,1.00,267.00,1.00,,,,,,,3.00,143.00,,,,
44,2020-04-12,B,52.00,599.00,13.00,,,,,,,46.00,293.00,,,,
44,2020-04-12,C,54.00,383.00,24.00,,,,,,,30.00,157.00,,,,
44,2020-04-12,D,22.00,174.00,18.00,,,,,,,7.00,62.00,,,,
44,2020-04-12,E,40.00,300.00,36.00,,,,,,,9.00,119.00,,,,
52,2020-04-12,0,88.00,1026.00,52.00,60.00,28.00,552.00,474.00,38.00,14.00,39.00,458.00,19.00,20.00,189.00,268.00
52,2020-04-12,A,2.00,191.00,1.00,,,,,,,7.00,84.00,,,,
52,2020-04-12,B,22.00,326.00,4.00,,,,,,,13.00,176.00,,,,
52,2020-04-12,C,24.00,209.00,13.00,,,,,,,6.00,77.00,,,,
52,2020-04-12,D,10.00,103.00,7.00,,,,,,,2.00,33.00,,,,
52,2020-04-12,E,30.00,197.00,27.00,,,,,,,11.00,88.00,,,,
53,2020-04-12,0,43.00,1082.00,18.00,27.00,16.00,555.00,527.00,15.00,3.00,15.00,354.00,4.00,11.00,137.00,217.00
53,2020-04-12,A,2.00,193.00,,,,,,,,,58.00,,,,
53,2020-04-12,B,16.00,322.00,2.00,,,,,,,10.00,132.00,,,,
53,2020-04-12,C,9.00,237.00,3.00,,,,,,,3.00,73.00,,,,
53,2020-04-12,D,5.00,107.00,3.00,,,,,,,1.00,29.00,,,,
53,2020-04-12,E,11.00,223.00,10.00,,,,,,,1.00,62.00,,,,
75,2020-04-12,0,109.00,2026.00,75.00,50.00,59.00,1045.00,980.00,40.00,35.00,83.00,1020.00,33.00,50.00,417.00,603.00
75,2020-04-12,A,5.00,271.00,3.00,,,,,,,8.00,169.00,,,,
75,2020-04-12,B,26.00,657.00,9.00,,,,,,,44.00,430.00,,,,
75,2020-04-12,C,23.00,456.00,15.00,,,,,,,20.00,194.00,,,,
75,2020-04-12,D,13.00,227.00,12.00,,,,,,,4.00,71.00,,,,
75,2020-04-12,E,42.00,415.00,36.00,,,,,,,7.00,156.00,,,,
76,2020-04-12,0,82.00,2019.00,52.00,40.00,42.00,989.00,1030.00,24.00,28.00,40.00,433.00,18.00,22.00,186.00,247.00
76,2020-04-12,A,1.00,304.00,1.00,,,,,,,5.00,72.00,,,,
76,2020-04-12,B,29.00,711.00,8.00,,,,,,,22.00,186.00,,,,
76,2020-04-12,C,23.00,462.00,18.00,,,,,,,5.00,82.00,,,,
76,2020-04-12,D,12.00,196.00,8.00,,,,,,,2.00,35.00,,,,
76,2020-04-12,E,17.00,346.00,17.00,,,,,,,6.00,58.00,,,,
84,2020-04-12,0,204.00,2571.00,83.00,88.00,116.00,1310.00,1261.00,40.00,43.00,112.00,924.00,43.00,69.00,364.00,559.00
84,2020-04-12,A,2.00,464.00,,,,,,,,5.00,127.00,,,,
84,2020-04-12,B,75.00,936.00,8.00,,,,,,,56.00,372.00,,,,
84,2020-04-12,C,52.00,545.00,14.00,,,,,,,20.00,152.00,,,,
84,2020-04-12,D,19.00,222.00,15.00,,,,,,,8.00,71.00,,,,
84,2020-04-12,E,56.00,404.00,46.00,,,,,,,23.00,201.00,,,,
93,2020-04-12,0,135.00,2180.00,67.00,64.00,71.00,1097.00,1083.00,32.00,35.00,86.00,820.00,41.00,45.00,357.00,463.00
93,2020-04-12,A,2.00,302.00,,,,,,,,12.00,148.00,,,,
93,2020-04-12,B,46.00,739.00,10.00,,,,,,,37.00,285.00,,,,
93,2020-04-12,C,34.00,515.00,17.00,,,,,,,19.00,172.00,,,,
93,2020-04-12,D,18.00,228.00,14.00,,,,,,,3.00,70.00,,,,
93,2020-04-12,E,35.00,396.00,26.00,,,,,,,15.00,145.00,,,,
94,2020-04-12,0,6.00,115.00,5.00,2.00,4.00,67.00,48.00,1.00,4.00,6.00,40.00,2.00,4.00,13.00,27.00
94,2020-04-12,A,,12.00,,,,,,,,,3.00,,,,
94,2020-04-12,B,1.00,34.00,1.00,,,,,,,5.00,17.00,,,,
94,2020-04-12,C,2.00,38.00,1.00,,,,,,,,10.00,,,,
94,2020-04-12,D,1.00,10.00,1.00,,,,,,,,2.00,,,,
94,2020-04-12,E,2.00,21.00,2.00,,,,,,,1.00,8.00,,,,
01,2020-04-13,0,2.00,131.00,1.00,,2.00,65.00,66.00,,1.00,,,,,,
01,2020-04-13,A,,21.00,,,,,,,,,,,,,
01,2020-04-13,B,1.00,53.00,,,,,,,,,,,,,
01,2020-04-13,C,,30.00,,,,,,,,,,,,,
01,2020-04-13,D,,10.00,,,,,,,,,,,,,
01,2020-04-13,E,1.00,17.00,1.00,,,,,,,,,,,,
02,2020-04-13,0,,,,,,,,,,2.00,79.00,1.00,1.00,26.00,53.00
02,2020-04-13,A,,,,,,,,,,,5.00,,,,
02,2020-04-13,B,,,,,,,,,,1.00,26.00,,,,
02,2020-04-13,C,,,,,,,,,,,20.00,,,,
02,2020-04-13,D,,,,,,,,,,1.00,10.00,,,,
02,2020-04-13,E,,,,,,,,,,,18.00,,,,
03,2020-04-13,0,1.00,144.00,,,1.00,67.00,77.00,,,,,,,,
03,2020-04-13,A,,44.00,,,,,,,,,,,,,
03,2020-04-13,B,1.00,66.00,,,,,,,,,,,,,
03,2020-04-13,C,,23.00,,,,,,,,,,,,,
03,2020-04-13,D,,7.00,,,,,,,,,,,,,
03,2020-04-13,E,,4.00,,,,,,,,,,,,,
04,2020-04-13,0,7.00,297.00,3.00,6.00,1.00,172.00,125.00,3.00,,,,,,,
04,2020-04-13,A,1.00,34.00,,,,,,,,,,,,,
04,2020-04-13,B,3.00,99.00,2.00,,,,,,,,,,,,
04,2020-04-13,C,2.00,81.00,,,,,,,,,,,,,
04,2020-04-13,D,1.00,40.00,1.00,,,,,,,,,,,,
04,2020-04-13,E,,43.00,,,,,,,,,,,,,
06,2020-04-13,0,4.00,94.00,2.00,1.00,3.00,48.00,46.00,,2.00,,,,,,
06,2020-04-13,A,,29.00,,,,,,,,,,,,,
06,2020-04-13,B,3.00,46.00,2.00,,,,,,,,,,,,
06,2020-04-13,C,,12.00,,,,,,,,,,,,,
06,2020-04-13,D,1.00,5.00,,,,,,,,,,,,,
06,2020-04-13,E,,2.00,,,,,,,,,,,,,
07,2020-04-13,0,,9.00,,,,5.00,4.00,,,,,,,,
07,2020-04-13,A,,2.00,,,,,,,,,,,,,
07,2020-04-13,B,,2.00,,,,,,,,,,,,,
07,2020-04-13,C,,3.00,,,,,,,,,,,,,
07,2020-04-13,D,,1.00,,,,,,,,,,,,,
07,2020-04-13,E,,1.00,,,,,,,,,,,,,
08,2020-04-13,0,1.00,16.00,,1.00,,8.00,8.00,,,,,,,,
08,2020-04-13,A,,4.00,,,,,,,,,,,,,
08,2020-04-13,B,,7.00,,,,,,,,,,,,,
08,2020-04-13,C,1.00,5.00,,,,,,,,,,,,,
08,2020-04-13,D,,,,,,,,,,,,,,,
08,2020-04-13,E,,,,,,,,,,,,,,,
11,2020-04-13,0,555.00,3692.00,217.00,280.00,275.00,1898.00,1794.00,117.00,100.00,168.00,1278.00,66.00,102.00,527.00,751.00
11,2020-04-13,A,6.00,512.00,1.00,,,,,,,8.00,216.00,,,,
11,2020-04-13,B,225.00,1549.00,35.00,,,,,,,70.00,461.00,,,,
11,2020-04-13,C,172.00,884.00,66.00,,,,,,,44.00,278.00,,,,
11,2020-04-13,D,52.00,291.00,33.00,,,,,,,18.00,118.00,,,,
11,2020-04-13,E,100.00,456.00,82.00,,,,,,,27.00,193.00,,,,
24,2020-04-13,0,72.00,861.00,12.00,27.00,45.00,429.00,432.00,7.00,5.00,19.00,238.00,8.00,11.00,110.00,128.00
24,2020-04-13,A,2.00,163.00,,,,,,,,,25.00,,,,
24,2020-04-13,B,22.00,268.00,1.00,,,,,,,16.00,127.00,,,,
24,2020-04-13,C,22.00,194.00,3.00,,,,,,,2.00,45.00,,,,
24,2020-04-13,D,7.00,80.00,3.00,,,,,,,1.00,15.00,,,,
24,2020-04-13,E,19.00,156.00,5.00,,,,,,,,26.00,,,,
27,2020-04-13,0,164.00,1087.00,74.00,63.00,101.00,525.00,562.00,42.00,32.00,39.00,222.00,19.00,20.00,97.00,125.00
27,2020-04-13,A,3.00,157.00,2.00,,,,,,,6.00,35.00,,,,
27,2020-04-13,B,47.00,341.00,8.00,,,,,,,25.00,106.00,,,,
27,2020-04-13,C,49.00,245.00,12.00,,,,,,,5.00,45.00,,,,
27,2020-04-13,D,18.00,123.00,13.00,,,,,,,1.00,10.00,,,,
27,2020-04-13,E,47.00,221.00,39.00,,,,,,,2.00,25.00,,,,
28,2020-04-13,0,60.00,1227.00,31.00,29.00,31.00,626.00,599.00,15.00,16.00,21.00,360.00,9.00,12.00,136.00,224.00
28,2020-04-13,A,1.00,187.00,1.00,,,,,,,2.00,71.00,,,,
28,2020-04-13,B,24.00,421.00,8.00,,,,,,,14.00,146.00,,,,
28,2020-04-13,C,15.00,277.00,6.00,,,,,,,4.00,68.00,,,,
28,2020-04-13,D,7.00,140.00,3.00,,,,,,,,26.00,,,,
28,2020-04-13,E,13.00,202.00,13.00,,,,,,,1.00,49.00,,,,
32,2020-04-13,0,125.00,1754.00,49.00,64.00,61.00,930.00,824.00,25.00,24.00,71.00,579.00,31.00,40.00,263.00,316.00
32,2020-04-13,A,5.00,311.00,,,,,,,,10.00,127.00,,,,
32,2020-04-13,B,42.00,651.00,4.00,,,,,,,38.00,275.00,,,,
32,2020-04-13,C,31.00,366.00,17.00,,,,,,,18.00,106.00,,,,
32,2020-04-13,D,17.00,176.00,7.00,,,,,,,3.00,33.00,,,,
32,2020-04-13,E,30.00,250.00,21.00,,,,,,,2.00,38.00,,,,
44,2020-04-13,0,145.00,1774.00,75.00,71.00,74.00,930.00,844.00,42.00,33.00,88.00,768.00,35.00,53.00,336.00,431.00
44,2020-04-13,A,1.00,272.00,1.00,,,,,,,6.00,129.00,,,,
44,2020-04-13,B,36.00,598.00,3.00,,,,,,,50.00,311.00,,,,
44,2020-04-13,C,43.00,429.00,18.00,,,,,,,18.00,155.00,,,,
44,2020-04-13,D,16.00,166.00,9.00,,,,,,,6.00,62.00,,,,
44,2020-04-13,E,49.00,309.00,44.00,,,,,,,8.00,110.00,,,,
52,2020-04-13,0,116.00,989.00,52.00,49.00,67.00,508.00,481.00,23.00,29.00,44.00,486.00,20.00,24.00,200.00,286.00
52,2020-04-13,A,1.00,174.00,1.00,,,,,,,1.00,82.00,,,,
52,2020-04-13,B,44.00,315.00,8.00,,,,,,,27.00,192.00,,,,
52,2020-04-13,C,20.00,207.00,7.00,,,,,,,8.00,96.00,,,,
52,2020-04-13,D,18.00,109.00,12.00,,,,,,,3.00,27.00,,,,
52,2020-04-13,E,32.00,183.00,24.00,,,,,,,5.00,89.00,,,,
53,2020-04-13,0,36.00,1085.00,22.00,19.00,17.00,575.00,510.00,8.00,14.00,12.00,374.00,8.00,4.00,166.00,208.00
53,2020-04-13,A,,187.00,,,,,,,,,63.00,,,,
53,2020-04-13,B,11.00,350.00,4.00,,,,,,,5.00,163.00,,,,
53,2020-04-13,C,11.00,239.00,6.00,,,,,,,4.00,64.00,,,,
53,2020-04-13,D,2.00,112.00,1.00,,,,,,,2.00,21.00,,,,
53,2020-04-13,E,12.00,197.00,11.00,,,,,,,1.00,63.00,,,,
75,2020-04-13,0,121.00,2024.00,67.00,65.00,56.00,1099.00,925.00,38.00,29.00,85.00,1050.00,31.00,54.00,437.00,613.00
75,2020-04-13,A,6.00,290.00,,,,,,,,10.00,178.00,,,,
75,2020-04-13,B,43.00,661.00,10.00,,,,,,,52.00,443.00,,,,
75,2020-04-13,C,24.00,452.00,13.00,,,,,,,10.00,193.00,,,,
75,2020-04-13,D,10.00,221.00,8.00,,,,,,,4.00,95.00,,,,
75,2020-04-13,E,38.00,400.00,36.00,,,,,,,9.00,140.00,,,,
76,2020-04-13,0,106.00,2025.00,43.00,43.00,63.00,1024.00,1001.00,20.00,23.00,38.00,444.00,19.00,18.00,170.00,273.00
76,2020-04-13,A,3.00,278.00,1.00,,,,,,,1.00,65.00,,,,
76,2020-04-13,B,38.00,704.00,7.00,,,,,,,23.00,192.00,,,,
76,2020-04-13,C,26.00,482.00,5.00,,,,,,,11.00,93.00,,,,
76,2020-04-13,D,15.00,213.00,6.00,,,,,,,1.00,31.00,,,,
76,2020-04-13,E,24.00,348.00,24.00,,,,,,,2.00,63.00,,,,
84,2020-04-13,0,236.00,2587.00,99.00,100.00,136.00,1332.00,1255.00,55.00,44.00,105.00,894.00,39.00,66.00,347.00,547.00
84,2020-04-13,A,5.00,392.00,1.00,,,,,,,11.00,131.00,,,,
84,2020-04-13,B,69.00,946.00,5.00,,,,,,,49.00,352.00,,,,
84,2020-04-13,C,64.00,589.00,17.00,,,,,,,27.00,184.00,,,,
84,2020-04-13,D,36.00,237.00,21.00,,,,,,,8.00,69.00,,,,
84,2020-04-13,E,62.00,423.00,55.00,,,,,,,10.00,157.00,,,,
93,2020-04-13,0,119.00,2029.00,70.00,58.00,61.00,1012.00,1017.00,39.00,31.00,101.00,851.00,33.00,68.00,326.00,525.00
93,2020-04-13,A,2.00,298.00,,,,,,,,15.00,126.00,,,,
93,2020-04-13,B,33.00,696.00,8.00,,,,,,,52.00,332.00,,,,
93,2020-04-13,C,35.00,509.00,17.00,,,,,,,23.00,183.00,,,,
93,2020-04-13,D,17.00,185.00,14.00,,,,,,,4.00,84.00,,,,
93,2020-04-13,E,32.00,341.00,31.00,,,,,,,7.00,126.00,,,,
94,2020-04-13,0,11.00,121.00,11.00,8.00,3.00,78.00,43.00,8.00,3.00,7.00,50.00,4.00,3.00,20.00,30.00
94,2020-04-13,A,,14.00,,,,,,,,,11.00,,,,
94,2020-04-13,B,3.00,27.00,3.00,,,,,,,6.00,23.00,,,,
94,2020-04-13,C,4.00,40.00,4.00,,,,,,,,8.00,,,,
94,2020-04-13,D,3.00,19.00,3.00,,,,,,,1.00,3.00,,,,
94,2020-04-13,E,1.00,21.00,1.00,,,,,,,,5.00,,,,
01,2020-04-14,0,9.00,160.00,3.00,2.00,7.00,74.00,86.00,,3.00,,,,,,
01,2020-04-14,A,1.00,23.00,,,,,,,,,,,,,
01,2020-04-14,B,3.00,68.00,1.00,,,,,,,,,,,,
01,2020-04-14,C,2.00,30.00,1.00,,,,,,,,,,,,
01,2020-04-14,D,2.00,21.00,1.00,,,,,,,,,,,,
01,2020-04-14,E,1.00,18.00,,,,,,,,,,,,,
02,2020-04-14,0,,,,,,,,,,3.00,122.00,2.00,1.00,42.00,80.00
02,2020-04-14,A,,,,,,,,,,,16.00,,,,
02,2020-04-14,B,,,,,,,,,,1.00,27.00,,,,
02,2020-04-14,C,,,,,,,,,,2.00,36.00,,,,
02,2020-04-14,D,,,,,,,,,,,15.00,,,,
02,2020-04-14,E,,,,,,,,,,,28.00,,,,
03,2020-04-14,0,2.00,159.00,,1.00,1.00,82.00,77.00,,,,,,,,
03,2020-04-14,A,1.00,42.00,,,,,,,,,,,,,
03,2020-04-14,B,,71.00,,,,,,,,,,,,,
03,2020-04-14,C,1.00,30.00,,,,,,,,,,,,,
03,2020-04-14,D,,8.00,,,,,,,,,,,,,
03,2020-04-14,E,,8.00,,,,,,,,,,,,,
04,2020-04-14,0,2.00,339.00,,,2.00,183.00,156.00,,,,,,,,
04,2020-04-14,A,,42.00,,,,,,,,,,,,,
04,2020-04-14,B,2.00,110.00,,,,,,,,,,,,,
04,2020-04-14,C,,111.00,,,,,,,,,,,,,
04,2020-04-14,D,,35.00,,,,,,,,,,,,,
04,2020-04-14,E,,41.00,,,,,,,,,,,,,
06,2020-04-14,0,14.00,115.00,3.00,7.00,7.00,65.00,50.00,2.00,1.00,,,,,,
06,2020-04-14,A,1.00,33.00,,,,,,,,,,,,,
06,2020-04-14,B,9.00,46.00,2.00,,,,,,,,,,,,
06,2020-04-14,C,4.00,25.00,1.00,,,,,,,,,,,,
06,2020-04-14,D,,7.00,,,,,,,,,,,,,
06,2020-04-14,E,,4.00,,,,,,,,,,,,,
07,2020-04-14,0,29.00,42.00,,16.00,13.00,24.00,18.00,,,,,,,,
07,2020-04-14,A,,1.00,,,,,,,,,,,,,
07,2020-04-14,B,21.00,25.00,,,,,,,,,,,,,
07,2020-04-14,C,8.00,13.00,,,,,,,,,,,,,
07,2020-04-14,D,,1.00,,,,,,,,,,,,,
07,2020-04-14,E,,2.00,,,,,,,,,,,,,
08,2020-04-14,0,,21.00,,,,11.00,10.00,,,,,,,,
08,2020-04-14,A,,4.00,,,,,,,,,,,,,
08,2020-04-14,B,,15.00,,,,,,,,,,,,,
08,2020-04-14,C,,1.00,,,,,,,,,,,,,
08,2020-04-14,D,,1.00,,,,,,,,,,,,,
08,2020-04-14,E,,,,,,,,,,,,,,,
11,2020-04-14,0,739.00,4239.00,227.00,348.00,391.00,2206.00,2033.00,121.00,106.00,120.00,1010.00,50.00,70.00,434.00,576.00
11,2020-04-14,A,5.00,548.00,,,,,,,,5.00,127.00,,,,
11,2020-04-14,B,284.00,1682.00,28.00,,,,,,,54.00,349.00,,,,
11,2020-04-14,C,250.00,1103.00,57.00,,,,,,,39.00,252.00,,,,
11,2020-04-14,D,73.00,387.00,51.00,,,,,,,9.00,81.00,,,,
11,2020-04-14,E,127.00,519.00,91.00,,,,,,,12.00,193.00,,,,
24,2020-04-14,0,96.00,1042.00,19.00,44.00,52.00,519.00,523.00,8.00,11.00,9.00,172.00,5.00,4.00,73.00,99.00
24,2020-04-14,A,,133.00,,,,,,,,,19.00,,,,
24,2020-04-14,B,27.00,330.00,1.00,,,,,,,6.00,89.00,,,,
24,2020-04-14,C,25.00,237.00,4.00,,,,,,,3.00,35.00,,,,
24,2020-04-14,D,11.00,122.00,3.00,,,,,,,,13.00,,,,
24,2020-04-14,E,33.00,220.00,11.00,,,,,,,,15.00,,,,
27,2020-04-14,0,226.00,1259.00,71.00,76.00,150.00,611.00,648.00,37.00,34.00,13.00,184.00,4.00,9.00,86.00,97.00
27,2020-04-14,A,5.00,119.00,1.00,,,,,,,,28.00,,,,
27,2020-04-14,B,85.00,381.00,5.00,,,,,,,10.00,86.00,,,,
27,2020-04-14,C,82.00,338.00,23.00,,,,,,,2.00,37.00,,,,
27,2020-04-14,D,19.00,158.00,14.00,,,,,,,,11.00,,,,
27,2020-04-14,E,35.00,263.00,28.00,,,,,,,1.00,21.00,,,,
28,2020-04-14,0,71.00,1241.00,35.00,35.00,36.00,645.00,596.00,20.00,15.00,30.00,253.00,16.00,14.00,110.00,143.00
28,2020-04-14,A,1.00,175.00,,,,,,,,1.00,38.00,,,,
28,2020-04-14,B,18.00,403.00,3.00,,,,,,,22.00,126.00,,,,
28,2020-04-14,C,25.00,293.00,11.00,,,,,,,5.00,49.00,,,,
28,2020-04-14,D,11.00,134.00,7.00,,,,,,,1.00,18.00,,,,
28,2020-04-14,E,16.00,236.00,14.00,,,,,,,1.00,22.00,,,,
32,2020-04-14,0,216.00,2089.00,79.00,87.00,129.00,1043.00,1044.00,39.00,40.00,51.00,533.00,21.00,30.00,251.00,282.00
32,2020-04-14,A,6.00,300.00,2.00,,,,,,,5.00,97.00,,,,
32,2020-04-14,B,76.00,758.00,14.00,,,,,,,33.00,279.00,,,,
32,2020-04-14,C,63.00,471.00,19.00,,,,,,,10.00,95.00,,,,
32,2020-04-14,D,26.00,202.00,14.00,,,,,,,1.00,30.00,,,,
32,2020-04-14,E,45.00,357.00,30.00,,,,,,,2.00,29.00,,,,
44,2020-04-14,0,226.00,1928.00,102.00,92.00,134.00,996.00,932.00,49.00,53.00,59.00,496.00,21.00,38.00,212.00,284.00
44,2020-04-14,A,5.00,278.00,2.00,,,,,,,4.00,72.00,,,,
44,2020-04-14,B,70.00,571.00,10.00,,,,,,,27.00,209.00,,,,
44,2020-04-14,C,71.00,470.00,29.00,,,,,,,15.00,108.00,,,,
44,2020-04-14,D,24.00,222.00,17.00,,,,,,,5.00,43.00,,,,
44,2020-04-14,E,56.00,387.00,44.00,,,,,,,8.00,60.00,,,,
52,2020-04-14,0,116.00,1121.00,60.00,54.00,62.00,611.00,510.00,33.00,27.00,27.00,328.00,9.00,18.00,156.00,172.00
52,2020-04-14,A,2.00,146.00,,,,,,,,4.00,59.00,,,,
52,2020-04-14,B,39.00,351.00,7.00,,,,,,,12.00,127.00,,,,
52,2020-04-14,C,23.00,231.00,13.00,,,,,,,4.00,57.00,,,,
52,2020-04-14,D,20.00,153.00,13.00,,,,,,,1.00,29.00,,,,
52,2020-04-14,E,32.00,240.00,27.00,,,,,,,6.00,56.00,,,,
53,2020-04-14,0,57.00,1270.00,36.00,28.00,29.00,654.00,616.00,20.00,16.00,10.00,262.00,2.00,8.00,111.00,151.00
53,2020-04-14,A,2.00,199.00,,,,,,,,,34.00,,,,
53,2020-04-14,B,14.00,369.00,3.00,,,,,,,8.00,110.00,,,,
53,2020-04-14,C,11.00,255.00,6.00,,,,,,,2.00,53.00,,,,
53,2020-04-14,D,10.00,138.00,8.00,,,,,,,,22.00,,,,
53,2020-04-14,E,20.00,309.00,19.00,,,,,,,,43.00,,,,
75,2020-04-14,0,165.00,2494.00,97.00,88.00,77.00,1334.00,1160.00,58.00,39.00,65.00,793.00,27.00,38.00,326.00,467.00
75,2020-04-14,A,5.00,300.00,1.00,,,,,,,4.00,132.00,,,,
75,2020-04-14,B,46.00,702.00,16.00,,,,,,,43.00,312.00,,,,
75,2020-04-14,C,42.00,611.00,20.00,,,,,,,11.00,174.00,,,,
75,2020-04-14,D,20.00,327.00,15.00,,,,,,,3.00,61.00,,,,
75,2020-04-14,E,52.00,554.00,45.00,,,,,,,4.00,114.00,,,,
76,2020-04-14,0,157.00,2456.00,51.00,60.00,97.00,1257.00,1199.00,27.00,24.00,21.00,273.00,10.00,11.00,92.00,181.00
76,2020-04-14,A,13.00,255.00,1.00,,,,,,,1.00,27.00,,,,
76,2020-04-14,B,68.00,828.00,11.00,,,,,,,13.00,125.00,,,,
76,2020-04-14,C,40.00,591.00,12.00,,,,,,,3.00,55.00,,,,
76,2020-04-14,D,9.00,277.00,6.00,,,,,,,1.00,27.00,,,,
76,2020-04-14,E,27.00,505.00,21.00,,,,,,,3.00,39.00,,,,
84,2020-04-14,0,316.00,3115.00,133.00,133.00,183.00,1618.00,1497.00,72.00,61.00,45.00,670.00,18.00,27.00,268.00,402.00
84,2020-04-14,A,,439.00,,,,,,,,1.00,78.00,,,,
84,2020-04-14,B,115.00,1054.00,12.00,,,,,,,26.00,291.00,,,,
84,2020-04-14,C,93.00,737.00,29.00,,,,,,,8.00,131.00,,,,
84,2020-04-14,D,22.00,307.00,14.00,,,,,,,5.00,52.00,,,,
84,2020-04-14,E,86.00,578.00,78.00,,,,,,,5.00,118.00,,,,
93,2020-04-14,0,145.00,2244.00,63.00,56.00,89.00,1167.00,1077.00,34.00,29.00,91.00,631.00,36.00,55.00,248.00,383.00
93,2020-04-14,A,1.00,262.00,1.00,,,,,,,12.00,92.00,,,,
93,2020-04-14,B,64.00,745.00,13.00,,,,,,,37.00,228.00,,,,
93,2020-04-14,C,47.00,548.00,22.00,,,,,,,28.00,129.00,,,,
93,2020-04-14,D,9.00,233.00,6.00,,,,,,,6.00,55.00,,,,
93,2020-04-14,E,24.00,456.00,21.00,,,,,,,8.00,126.00,,,,
94,2020-04-14,0,27.00,153.00,25.00,12.00,15.00,81.00,72.00,11.00,14.00,3.00,34.00,1.00,2.00,10.00,24.00
94,2020-04-14,A,2.00,15.00,2.00,,,,,,,,11.00,,,,
94,2020-04-14,B,13.00,56.00,13.00,,,,,,,3.00,15.00,,,,
94,2020-04-14,C,7.00,38.00,5.00,,,,,,,,2.00,,,,
94,2020-04-14,D,3.00,25.00,3.00,,,,,,,,4.00,,,,
94,2020-04-14,E,2.00,19.00,2.00,,,,,,,,2.00,,,,
01,2020-04-15,0,5.00,139.00,5.00,1.00,4.00,66.00,73.00,1.00,4.00,,,,,,
01,2020-04-15,A,,26.00,,,,,,,,,,,,,
01,2020-04-15,B,1.00,50.00,1.00,,,,,,,,,,,,
01,2020-04-15,C,2.00,27.00,2.00,,,,,,,,,,,,
01,2020-04-15,D,2.00,19.00,2.00,,,,,,,,,,,,
01,2020-04-15,E,,17.00,,,,,,,,,,,,,
02,2020-04-15,0,,,,,,,,,,6.00,92.00,4.00,2.00,42.00,50.00
02,2020-04-15,A,,,,,,,,,,,11.00,,,,
02,2020-04-15,B,,,,,,,,,,3.00,27.00,,,,
02,2020-04-15,C,,,,,,,,,,2.00,29.00,,,,
02,2020-04-15,D,,,,,,,,,,,5.00,,,,
02,2020-04-15,E,,,,,,,,,,1.00,20.00,,,,
03,2020-04-15,0,3.00,162.00,1.00,1.00,2.00,92.00,70.00,,1.00,,,,,,
03,2020-04-15,A,,30.00,,,,,,,,,,,,,
03,2020-04-15,B,2.00,81.00,,,,,,,,,,,,,
03,2020-04-15,C,1.00,38.00,1.00,,,,,,,,,,,,
03,2020-04-15,D,,11.00,,,,,,,,,,,,,
03,2020-04-15,E,,2.00,,,,,,,,,,,,,
04,2020-04-15,0,7.00,327.00,6.00,5.00,2.00,183.00,144.00,4.00,2.00,,,,,,
04,2020-04-15,A,1.00,52.00,1.00,,,,,,,,,,,,
04,2020-04-15,B,3.00,112.00,2.00,,,,,,,,,,,,
04,2020-04-15,C,,80.00,,,,,,,,,,,,,
04,2020-04-15,D,1.00,41.00,1.00,,,,,,,,,,,,
04,2020-04-15,E,2.00,42.00,2.00,,,,,,,,,,,,
06,2020-04-15,0,14.00,93.00,5.00,6.00,8.00,57.00,36.00,3.00,2.00,,,,,,
06,2020-04-15,A,,25.00,,,,,,,,,,,,,
06,2020-04-15,B,10.00,46.00,2.00,,,,,,,,,,,,
06,2020-04-15,C,1.00,13.00,,,,,,,,,,,,,
06,2020-04-15,D,1.00,4.00,1.00,,,,,,,,,,,,
06,2020-04-15,E,2.00,5.00,2.00,,,,,,,,,,,,
07,2020-04-15,0,,20.00,,,,14.00,6.00,,,,,,,,
07,2020-04-15,A,,2.00,,,,,,,,,,,,,
07,2020-04-15,B,,9.00,,,,,,,,,,,,,
07,2020-04-15,C,,9.00,,,,,,,,,,,,,
07,2020-04-15,D,,,,,,,,,,,,,,,
07,2020-04-15,E,,,,,,,,,,,,,,,
08,2020-04-15,0,,8.00,,,,6.00,2.00,,,,,,,,
08,2020-04-15,A,,,,,,,,,,,,,,,
08,2020-04-15,B,,7.00,,,,,,,,,,,,,
08,2020-04-15,C,,1.00,,,,,,,,,,,,,
08,2020-04-15,D,,,,,,,,,,,,,,,
08,2020-04-15,E,,,,,,,,,,,,,,,
11,2020-04-15,0,721.00,3996.00,214.00,341.00,380.00,2057.00,1938.00,114.00,100.00,108.00,871.00,48.00,60.00,344.00,527.00
11,2020-04-15,A,16.00,550.00,3.00,,,,,,,3.00,100.00,,,,
11,2020-04-15,B,306.00,1557.00,23.00,,,,,,,53.00,319.00,,,,
11,2020-04-15,C,227.00,1031.00,62.00,,,,,,,28.00,206.00,,,,
11,2020-04-15,D,65.00,348.00,38.00,,,,,,,10.00,86.00,,,,
11,2020-04-15,E,107.00,509.00,88.00,,,,,,,13.00,156.00,,,,
24,2020-04-15,0,70.00,978.00,15.00,33.00,37.00,503.00,474.00,6.00,9.00,8.00,182.00,2.00,6.00,65.00,117.00
24,2020-04-15,A,,142.00,,,,,,,,,13.00,,,,
24,2020-04-15,B,23.00,304.00,,,,,,,,7.00,102.00,,,,
24,2020-04-15,C,16.00,210.00,2.00,,,,,,,,37.00,,,,
24,2020-04-15,D,4.00,106.00,2.00,,,,,,,1.00,11.00,,,,
24,2020-04-15,E,27.00,216.00,11.00,,,,,,,,19.00,,,,
27,2020-04-15,0,232.00,1226.00,44.00,63.00,169.00,579.00,647.00,26.00,18.00,20.00,178.00,9.00,11.00,69.00,109.00
27,2020-04-15,A,5.00,124.00,1.00,,,,,,,2.00,19.00,,,,
27,2020-04-15,B,99.00,404.00,7.00,,,,,,,12.00,68.00,,,,
27,2020-04-15,C,86.00,319.00,9.00,,,,,,,2.00,37.00,,,,
27,2020-04-15,D,15.00,139.00,6.00,,,,,,,2.00,22.00,,,,
27,2020-04-15,E,27.00,240.00,21.00,,,,,,,2.00,32.00,,,,
28,2020-04-15,0,55.00,1251.00,27.00,28.00,27.00,638.00,612.00,14.00,13.00,24.00,255.00,11.00,13.00,111.00,144.00
28,2020-04-15,A,,176.00,,,,,,,,,35.00,,,,
28,2020-04-15,B,18.00,420.00,3.00,,,,,,,13.00,110.00,,,,
28,2020-04-15,C,20.00,282.00,7.00,,,,,,,9.00,58.00,,,,
28,2020-04-15,D,7.00,158.00,7.00,,,,,,,,17.00,,,,
28,2020-04-15,E,10.00,215.00,10.00,,,,,,,2.00,35.00,,,,
32,2020-04-15,0,181.00,2111.00,69.00,72.00,109.00,1078.00,1033.00,33.00,36.00,34.00,483.00,14.00,20.00,208.00,275.00
32,2020-04-15,A,6.00,338.00,,,,,,,,6.00,81.00,,,,
32,2020-04-15,B,52.00,707.00,9.00,,,,,,,16.00,233.00,,,,
32,2020-04-15,C,48.00,472.00,15.00,,,,,,,10.00,95.00,,,,
32,2020-04-15,D,28.00,226.00,15.00,,,,,,,2.00,30.00,,,,
32,2020-04-15,E,47.00,368.00,30.00,,,,,,,,41.00,,,,
44,2020-04-15,0,163.00,1854.00,73.00,78.00,85.00,961.00,893.00,42.00,31.00,44.00,465.00,16.00,28.00,184.00,279.00
44,2020-04-15,A,,275.00,,,,,,,,1.00,74.00,,,,
44,2020-04-15,B,57.00,575.00,8.00,,,,,,,25.00,190.00,,,,
44,2020-04-15,C,46.00,436.00,19.00,,,,,,,11.00,95.00,,,,
44,2020-04-15,D,27.00,197.00,18.00,,,,,,,3.00,38.00,,,,
44,2020-04-15,E,33.00,371.00,28.00,,,,,,,4.00,68.00,,,,
52,2020-04-15,0,84.00,1201.00,35.00,36.00,48.00,646.00,555.00,18.00,17.00,25.00,313.00,14.00,11.00,129.00,184.00
52,2020-04-15,A,1.00,198.00,,,,,,,,,33.00,,,,
52,2020-04-15,B,32.00,400.00,7.00,,,,,,,12.00,131.00,,,,
52,2020-04-15,C,20.00,237.00,6.00,,,,,,,6.00,71.00,,,,
52,2020-04-15,D,14.00,123.00,9.00,,,,,,,2.00,32.00,,,,
52,2020-04-15,E,17.00,243.00,13.00,,,,,,,5.00,46.00,,,,
53,2020-04-15,0,54.00,1307.00,38.00,27.00,27.00,714.00,593.00,22.00,16.00,11.00,230.00,5.00,6.00,109.00,121.00
53,2020-04-15,A,,231.00,,,,,,,,,26.00,,,,
53,2020-04-15,B,11.00,391.00,5.00,,,,,,,5.00,102.00,,,,
53,2020-04-15,C,14.00,272.00,8.00,,,,,,,6.00,39.00,,,,
53,2020-04-15,D,8.00,135.00,5.00,,,,,,,,21.00,,,,
53,2020-04-15,E,21.00,278.00,20.00,,,,,,,,42.00,,,,
75,2020-04-15,0,139.00,2440.00,59.00,74.00,65.00,1316.00,1123.00,34.00,25.00,62.00,693.00,29.00,33.00,311.00,382.00
75,2020-04-15,A,4.00,317.00,,,,,,,,3.00,94.00,,,,
75,2020-04-15,B,36.00,719.00,8.00,,,,,,,39.00,322.00,,,,
75,2020-04-15,C,38.00,577.00,10.00,,,,,,,10.00,139.00,,,,
75,2020-04-15,D,18.00,296.00,10.00,,,,,,,7.00,53.00,,,,
75,2020-04-15,E,43.00,531.00,31.00,,,,,,,3.00,85.00,,,,
76,2020-04-15,0,127.00,2330.00,54.00,57.00,70.00,1208.00,1122.00,30.00,24.00,29.00,274.00,14.00,15.00,102.00,172.00
76,2020-04-15,A,20.00,267.00,1.00,,,,,,,1.00,54.00,,,,
76,2020-04-15,B,33.00,775.00,7.00,,,,,,,21.00,112.00,,,,
76,2020-04-15,C,34.00,544.00,14.00,,,,,,,5.00,55.00,,,,
76,2020-04-15,D,15.00,270.00,9.00,,,,,,,,15.00,,,,
76,2020-04-15,E,25.00,474.00,23.00,,,,,,,2.00,38.00,,,,
84,2020-04-15,0,201.00,2842.00,88.00,101.00,100.00,1502.00,1339.00,49.00,39.00,53.00,608.00,25.00,28.00,252.00,356.00
84,2020-04-15,A,1.00,406.00,,,,,,,,3.00,69.00,,,,
84,2020-04-15,B,69.00,989.00,10.00,,,,,,,27.00,244.00,,,,
84,2020-04-15,C,58.00,647.00,19.00,,,,,,,9.00,115.00,,,,
84,2020-04-15,D,18.00,293.00,14.00,,,,,,,4.00,50.00,,,,
84,2020-04-15,E,55.00,507.00,45.00,,,,,,,10.00,130.00,,,,
93,2020-04-15,0,144.00,2208.00,62.00,74.00,70.00,1165.00,1043.00,36.00,26.00,51.00,587.00,17.00,34.00,237.00,350.00
93,2020-04-15,A,2.00,279.00,,,,,,,,7.00,96.00,,,,
93,2020-04-15,B,50.00,717.00,10.00,,,,,,,21.00,206.00,,,,
93,2020-04-15,C,50.00,541.00,16.00,,,,,,,12.00,121.00,,,,
93,2020-04-15,D,10.00,221.00,10.00,,,,,,,3.00,47.00,,,,
93,2020-04-15,E,32.00,450.00,26.00,,,,,,,8.00,116.00,,,,
94,2020-04-15,0,29.00,146.00,29.00,12.00,17.00,72.00,74.00,12.00,17.00,3.00,31.00,1.00,2.00,11.00,20.00
94,2020-04-15,A,,13.00,,,,,,,,,4.00,,,,
94,2020-04-15,B,15.00,51.00,15.00,,,,,,,2.00,13.00,,,,
94,2020-04-15,C,12.00,43.00,12.00,,,,,,,1.00,6.00,,,,
94,2020-04-15,D,1.00,17.00,1.00,,,,,,,,2.00,,,,
94,2020-04-15,E,1.00,22.00,1.00,,,,,,,,6.00,,,,
01,2020-04-16,0,3.00,124.00,2.00,2.00,1.00,58.00,66.00,1.00,1.00,,,,,,
01,2020-04-16,A,,15.00,,,,,,,,,,,,,
01,2020-04-16,B,1.00,57.00,,,,,,,,,,,,,
01,2020-04-16,C,,27.00,,,,,,,,,,,,,
01,2020-04-16,D,1.00,7.00,1.00,,,,,,,,,,,,
01,2020-04-16,E,1.00,18.00,1.00,,,,,,,,,,,,
02,2020-04-16,0,,,,,,,,,,3.00,86.00,1.00,2.00,31.00,55.00
02,2020-04-16,A,,,,,,,,,,,10.00,,,,
02,2020-04-16,B,,,,,,,,,,2.00,16.00,,,,
02,2020-04-16,C,,,,,,,,,,1.00,26.00,,,,
02,2020-04-16,D,,,,,,,,,,,10.00,,,,
02,2020-04-16,E,,,,,,,,,,,24.00,,,,
03,2020-04-16,0,7.00,149.00,1.00,4.00,3.00,68.00,81.00,,1.00,,,,,,
03,2020-04-16,A,4.00,31.00,1.00,,,,,,,,,,,,
03,2020-04-16,B,1.00,80.00,,,,,,,,,,,,,
03,2020-04-16,C,,29.00,,,,,,,,,,,,,
03,2020-04-16,D,2.00,7.00,,,,,,,,,,,,,
03,2020-04-16,E,,2.00,,,,,,,,,,,,,
04,2020-04-16,0,3.00,333.00,3.00,3.00,,185.00,148.00,3.00,,,,,,,
04,2020-04-16,A,,35.00,,,,,,,,,,,,,
04,2020-04-16,B,1.00,124.00,1.00,,,,,,,,,,,,
04,2020-04-16,C,,87.00,,,,,,,,,,,,,
04,2020-04-16,D,1.00,37.00,1.00,,,,,,,,,,,,
04,2020-04-16,E,1.00,50.00,1.00,,,,,,,,,,,,
06,2020-04-16,0,17.00,92.00,5.00,8.00,9.00,61.00,31.00,2.00,3.00,,,,,,
06,2020-04-16,A,3.00,19.00,1.00,,,,,,,,,,,,
06,2020-04-16,B,8.00,50.00,2.00,,,,,,,,,,,,
06,2020-04-16,C,4.00,15.00,,,,,,,,,,,,,
06,2020-04-16,D,1.00,3.00,1.00,,,,,,,,,,,,
06,2020-04-16,E,1.00,5.00,1.00,,,,,,,,,,,,
07,2020-04-16,0,,8.00,,,,2.00,6.00,,,,,,,,
07,2020-04-16,A,,1.00,,,,,,,,,,,,,
07,2020-04-16,B,,3.00,,,,,,,,,,,,,
07,2020-04-16,C,,3.00,,,,,,,,,,,,,
07,2020-04-16,D,,1.00,,,,,,,,,,,,,
07,2020-04-16,E,,,,,,,,,,,,,,,
08,2020-04-16,0,1.00,15.00,1.00,,1.00,5.00,10.00,,1.00,,,,,,
08,2020-04-16,A,1.00,2.00,1.00,,,,,,,,,,,,
08,2020-04-16,B,,8.00,,,,,,,,,,,,,
08,2020-04-16,C,,4.00,,,,,,,,,,,,,
08,2020-04-16,D,,,,,,,,,,,,,,,
08,2020-04-16,E,,1.00,,,,,,,,,,,,,
11,2020-04-16,0,607.00,3950.00,192.00,279.00,328.00,2014.00,1935.00,99.00,93.00,107.00,826.00,44.00,63.00,327.00,498.00
11,2020-04-16,A,4.00,543.00,2.00,,,,,,,5.00,98.00,,,,
11,2020-04-16,B,235.00,1542.00,26.00,,,,,,,59.00,321.00,,,,
11,2020-04-16,C,199.00,988.00,54.00,,,,,,,27.00,177.00,,,,
11,2020-04-16,D,61.00,334.00,30.00,,,,,,,10.00,92.00,,,,
11,2020-04-16,E,108.00,543.00,80.00,,,,,,,6.00,137.00,,,,
24,2020-04-16,0,107.00,994.00,13.00,32.00,75.00,498.00,496.00,7.00,6.00,11.00,186.00,5.00,6.00,81.00,105.00
24,2020-04-16,A,,135.00,,,,,,,,,14.00,,,,
24,2020-04-16,B,39.00,314.00,1.00,,,,,,,9.00,102.00,,,,
24,2020-04-16,C,39.00,233.00,3.00,,,,,,,2.00,31.00,,,,
24,2020-04-16,D,10.00,108.00,2.00,,,,,,,,12.00,,,,
24,2020-04-16,E,19.00,204.00,7.00,,,,,,,,26.00,,,,
27,2020-04-16,0,164.00,1175.00,70.00,61.00,103.00,601.00,574.00,32.00,38.00,13.00,145.00,9.00,4.00,67.00,78.00
27,2020-04-16,A,1.00,111.00,,,,,,,,2.00,23.00,,,,
27,2020-04-16,B,53.00,352.00,8.00,,,,,,,8.00,66.00,,,,
27,2020-04-16,C,47.00,287.00,13.00,,,,,,,1.00,29.00,,,,
27,2020-04-16,D,24.00,151.00,17.00,,,,,,,,10.00,,,,
27,2020-04-16,E,39.00,274.00,32.00,,,,,,,2.00,17.00,,,,
28,2020-04-16,0,67.00,1289.00,34.00,29.00,38.00,656.00,632.00,17.00,17.00,21.00,225.00,10.00,11.00,92.00,133.00
28,2020-04-16,A,1.00,188.00,,,,,,,,2.00,36.00,,,,
28,2020-04-16,B,25.00,408.00,6.00,,,,,,,14.00,93.00,,,,
28,2020-04-16,C,16.00,304.00,8.00,,,,,,,3.00,44.00,,,,
28,2020-04-16,D,14.00,160.00,12.00,,,,,,,1.00,18.00,,,,
28,2020-04-16,E,11.00,229.00,8.00,,,,,,,1.00,34.00,,,,
32,2020-04-16,0,169.00,2090.00,83.00,84.00,85.00,1019.00,1071.00,45.00,38.00,33.00,423.00,13.00,20.00,184.00,239.00
32,2020-04-16,A,7.00,323.00,4.00,,,,,,,1.00,77.00,,,,
32,2020-04-16,B,40.00,744.00,6.00,,,,,,,21.00,211.00,,,,
32,2020-04-16,C,45.00,443.00,20.00,,,,,,,7.00,75.00,,,,
32,2020-04-16,D,32.00,248.00,22.00,,,,,,,1.00,25.00,,,,
32,2020-04-16,E,45.00,332.00,31.00,,,,,,,3.00,33.00,,,,
44,2020-04-16,0,186.00,1939.00,71.00,70.00,116.00,955.00,983.00,37.00,34.00,54.00,481.00,20.00,34.00,203.00,277.00
44,2020-04-16,A,3.00,312.00,1.00,,,,,,,3.00,67.00,,,,
44,2020-04-16,B,70.00,598.00,6.00,,,,,,,36.00,216.00,,,,
44,2020-04-16,C,52.00,428.00,13.00,,,,,,,8.00,98.00,,,,
44,2020-04-16,D,23.00,202.00,19.00,,,,,,,7.00,39.00,,,,
44,2020-04-16,E,38.00,399.00,32.00,,,,,,,,61.00,,,,
52,2020-04-16,0,98.00,1111.00,42.00,29.00,69.00,604.00,507.00,15.00,27.00,35.00,350.00,19.00,16.00,155.00,195.00
52,2020-04-16,A,,168.00,,,,,,,,1.00,56.00,,,,
52,2020-04-16,B,26.00,341.00,8.00,,,,,,,19.00,146.00,,,,
52,2020-04-16,C,34.00,280.00,10.00,,,,,,,6.00,69.00,,,,
52,2020-04-16,D,11.00,122.00,3.00,,,,,,,,16.00,,,,
52,2020-04-16,E,27.00,200.00,21.00,,,,,,,9.00,63.00,,,,
53,2020-04-16,0,53.00,1250.00,38.00,22.00,31.00,642.00,608.00,21.00,17.00,14.00,208.00,10.00,4.00,95.00,113.00
53,2020-04-16,A,1.00,215.00,,,,,,,,2.00,22.00,,,,
53,2020-04-16,B,12.00,358.00,6.00,,,,,,,9.00,97.00,,,,
53,2020-04-16,C,14.00,282.00,8.00,,,,,,,2.00,35.00,,,,
53,2020-04-16,D,11.00,158.00,10.00,,,,,,,,12.00,,,,
53,2020-04-16,E,15.00,237.00,14.00,,,,,,,1.00,42.00,,,,
75,2020-04-16,0,120.00,2301.00,53.00,56.00,64.00,1207.00,1093.00,26.00,27.00,63.00,768.00,28.00,35.00,324.00,444.00
75,2020-04-16,A,5.00,290.00,2.00,,,,,,,3.00,135.00,,,,
75,2020-04-16,B,35.00,678.00,3.00,,,,,,,39.00,325.00,,,,
75,2020-04-16,C,37.00,527.00,15.00,,,,,,,12.00,149.00,,,,
75,2020-04-16,D,11.00,299.00,6.00,,,,,,,3.00,60.00,,,,
75,2020-04-16,E,32.00,507.00,27.00,,,,,,,6.00,98.00,,,,
76,2020-04-16,0,89.00,2271.00,37.00,41.00,48.00,1149.00,1122.00,13.00,24.00,14.00,228.00,8.00,6.00,92.00,136.00
76,2020-04-16,A,10.00,271.00,2.00,,,,,,,2.00,40.00,,,,
76,2020-04-16,B,21.00,794.00,4.00,,,,,,,8.00,90.00,,,,
76,2020-04-16,C,26.00,540.00,10.00,,,,,,,2.00,56.00,,,,
76,2020-04-16,D,11.00,245.00,6.00,,,,,,,2.00,23.00,,,,
76,2020-04-16,E,21.00,421.00,15.00,,,,,,,,19.00,,,,
84,2020-04-16,0,214.00,2901.00,88.00,90.00,124.00,1469.00,1431.00,44.00,44.00,58.00,594.00,23.00,35.00,259.00,333.00
84,2020-04-16,A,,407.00,,,,,,,,3.00,70.00,,,,
84,2020-04-16,B,70.00,1000.00,9.00,,,,,,,33.00,244.00,,,,
84,2020-04-16,C,74.00,665.00,26.00,,,,,,,9.00,115.00,,,,
84,2020-04-16,D,19.00,312.00,13.00,,,,,,,3.00,56.00,,,,
84,2020-04-16,E,51.00,517.00,40.00,,,,,,,10.00,109.00,,,,
93,2020-04-16,0,153.00,2172.00,96.00,80.00,73.00,1104.00,1068.00,52.00,44.00,65.00,594.00,27.00,38.00,242.00,352.00
93,2020-04-16,A,1.00,289.00,,,,,,,,5.00,92.00,,,,
93,2020-04-16,B,39.00,681.00,14.00,,,,,,,34.00,223.00,,,,
93,2020-04-16,C,46.00,526.00,26.00,,,,,,,16.00,121.00,,,,
93,2020-04-16,D,21.00,243.00,14.00,,,,,,,8.00,56.00,,,,
93,2020-04-16,E,46.00,433.00,42.00,,,,,,,2.00,101.00,,,,
94,2020-04-16,0,41.00,149.00,41.00,17.00,24.00,82.00,67.00,17.00,24.00,4.00,26.00,3.00,1.00,14.00,12.00
94,2020-04-16,A,,15.00,,,,,,,,,5.00,,,,
94,2020-04-16,B,19.00,56.00,19.00,,,,,,,3.00,10.00,,,,
94,2020-04-16,C,13.00,45.00,13.00,,,,,,,1.00,5.00,,,,
94,2020-04-16,D,6.00,15.00,6.00,,,,,,,,4.00,,,,
94,2020-04-16,E,3.00,18.00,3.00,,,,,,,,2.00,,,,
01,2020-04-17,0,5.00,138.00,3.00,3.00,2.00,48.00,90.00,2.00,1.00,,,,,,
01,2020-04-17,A,,26.00,,,,,,,,,,,,,
01,2020-04-17,B,2.00,58.00,1.00,,,,,,,,,,,,
01,2020-04-17,C,1.00,16.00,,,,,,,,,,,,,
01,2020-04-17,D,1.00,13.00,1.00,,,,,,,,,,,,
01,2020-04-17,E,1.00,25.00,1.00,,,,,,,,,,,,
02,2020-04-17,0,,,,,,,,,,1.00,110.00,,1.00,42.00,68.00
02,2020-04-17,A,,,,,,,,,,,14.00,,,,
02,2020-04-17,B,,,,,,,,,,1.00,30.00,,,,
02,2020-04-17,C,,,,,,,,,,,24.00,,,,
02,2020-04-17,D,,,,,,,,,,,12.00,,,,
02,2020-04-17,E,,,,,,,,,,,30.00,,,,
03,2020-04-17,0,2.00,168.00,1.00,1.00,1.00,96.00,72.00,,1.00,,,,,,
03,2020-04-17,A,,31.00,,,,,,,,,,,,,
03,2020-04-17,B,2.00,97.00,1.00,,,,,,,,,,,,
03,2020-04-17,C,,27.00,,,,,,,,,,,,,
03,2020-04-17,D,,9.00,,,,,,,,,,,,,
03,2020-04-17,E,,4.00,,,,,,,,,,,,,
04,2020-04-17,0,1.00,298.00,,1.00,,157.00,141.00,,,,,,,,
04,2020-04-17,A,,47.00,,,,,,,,,,,,,
04,2020-04-17,B,,104.00,,,,,,,,,,,,,
04,2020-04-17,C,1.00,78.00,,,,,,,,,,,,,
04,2020-04-17,D,,36.00,,,,,,,,,,,,,
04,2020-04-17,E,,33.00,,,,,,,,,,,,,
06,2020-04-17,0,14.00,96.00,2.00,9.00,5.00,52.00,44.00,2.00,,,,,,,
06,2020-04-17,A,,22.00,,,,,,,,,,,,,
06,2020-04-17,B,8.00,51.00,1.00,,,,,,,,,,,,
06,2020-04-17,C,6.00,22.00,1.00,,,,,,,,,,,,
06,2020-04-17,D,,,,,,,,,,,,,,,
06,2020-04-17,E,,1.00,,,,,,,,,,,,,
07,2020-04-17,0,,12.00,,,,7.00,5.00,,,,,,,,
07,2020-04-17,A,,1.00,,,,,,,,,,,,,
07,2020-04-17,B,,4.00,,,,,,,,,,,,,
07,2020-04-17,C,,5.00,,,,,,,,,,,,,
07,2020-04-17,D,,1.00,,,,,,,,,,,,,
07,2020-04-17,E,,1.00,,,,,,,,,,,,,
08,2020-04-17,0,,8.00,,,,1.00,7.00,,,,,,,,
08,2020-04-17,A,,2.00,,,,,,,,,,,,,
08,2020-04-17,B,,3.00,,,,,,,,,,,,,
08,2020-04-17,C,,2.00,,,,,,,,,,,,,
08,2020-04-17,D,,1.00,,,,,,,,,,,,,
08,2020-04-17,E,,,,,,,,,,,,,,,
11,2020-04-17,0,604.00,4355.00,208.00,275.00,328.00,2270.00,2083.00,102.00,106.00,105.00,905.00,38.00,67.00,367.00,534.00
11,2020-04-17,A,11.00,615.00,2.00,,,,,,,5.00,150.00,,,,
11,2020-04-17,B,229.00,1704.00,19.00,,,,,,,51.00,322.00,,,,
11,2020-04-17,C,192.00,1067.00,60.00,,,,,,,26.00,178.00,,,,
11,2020-04-17,D,60.00,407.00,36.00,,,,,,,9.00,78.00,,,,
11,2020-04-17,E,112.00,561.00,91.00,,,,,,,13.00,172.00,,,,
24,2020-04-17,0,105.00,1020.00,18.00,28.00,77.00,490.00,530.00,7.00,11.00,14.00,161.00,6.00,8.00,71.00,90.00
24,2020-04-17,A,1.00,150.00,,,,,,,,,10.00,,,,
24,2020-04-17,B,43.00,340.00,2.00,,,,,,,9.00,80.00,,,,
24,2020-04-17,C,34.00,243.00,6.00,,,,,,,4.00,40.00,,,,
24,2020-04-17,D,4.00,95.00,2.00,,,,,,,1.00,11.00,,,,
24,2020-04-17,E,23.00,192.00,8.00,,,,,,,,20.00,,,,
27,2020-04-17,0,156.00,1191.00,65.00,58.00,98.00,586.00,605.00,23.00,42.00,15.00,165.00,4.00,11.00,57.00,108.00
27,2020-04-17,A,4.00,126.00,3.00,,,,,,,,22.00,,,,
27,2020-04-17,B,46.00,366.00,6.00,,,,,,,8.00,70.00,,,,
27,2020-04-17,C,45.00,292.00,9.00,,,,,,,4.00,38.00,,,,
27,2020-04-17,D,19.00,149.00,13.00,,,,,,,1.00,11.00,,,,
27,2020-04-17,E,42.00,258.00,34.00,,,,,,,2.00,22.00,,,,
28,2020-04-17,0,72.00,1381.00,39.00,29.00,43.00,729.00,651.00,18.00,21.00,20.00,241.00,7.00,13.00,101.00,140.00
28,2020-04-17,A,1.00,180.00,,,,,,,,,28.00,,,,
28,2020-04-17,B,24.00,437.00,8.00,,,,,,,12.00,114.00,,,,
28,2020-04-17,C,18.00,321.00,8.00,,,,,,,6.00,47.00,,,,
28,2020-04-17,D,10.00,174.00,7.00,,,,,,,1.00,10.00,,,,
28,2020-04-17,E,19.00,269.00,16.00,,,,,,,1.00,42.00,,,,
32,2020-04-17,0,198.00,2228.00,82.00,85.00,113.00,1121.00,1106.00,40.00,42.00,21.00,388.00,14.00,7.00,178.00,210.00
32,2020-04-17,A,4.00,352.00,1.00,,,,,,,1.00,77.00,,,,
32,2020-04-17,B,58.00,734.00,11.00,,,,,,,14.00,185.00,,,,
32,2020-04-17,C,59.00,530.00,22.00,,,,,,,4.00,81.00,,,,
32,2020-04-17,D,21.00,207.00,14.00,,,,,,,1.00,22.00,,,,
32,2020-04-17,E,56.00,405.00,34.00,,,,,,,1.00,23.00,,,,
44,2020-04-17,0,206.00,2101.00,96.00,103.00,103.00,1106.00,994.00,59.00,37.00,46.00,460.00,16.00,30.00,196.00,264.00
44,2020-04-17,A,3.00,289.00,1.00,,,,,,,1.00,70.00,,,,
44,2020-04-17,B,66.00,619.00,10.00,,,,,,,27.00,198.00,,,,
44,2020-04-17,C,70.00,514.00,34.00,,,,,,,12.00,93.00,,,,
44,2020-04-17,D,24.00,247.00,16.00,,,,,,,2.00,30.00,,,,
44,2020-04-17,E,43.00,432.00,35.00,,,,,,,4.00,69.00,,,,
52,2020-04-17,0,99.00,1156.00,58.00,41.00,58.00,588.00,567.00,30.00,28.00,23.00,339.00,11.00,12.00,146.00,193.00
52,2020-04-17,A,2.00,185.00,,,,,,,,3.00,78.00,,,,
52,2020-04-17,B,23.00,355.00,3.00,,,,,,,9.00,117.00,,,,
52,2020-04-17,C,28.00,262.00,14.00,,,,,,,9.00,62.00,,,,
52,2020-04-17,D,10.00,112.00,8.00,,,,,,,1.00,27.00,,,,
52,2020-04-17,E,36.00,242.00,33.00,,,,,,,1.00,55.00,,,,
53,2020-04-17,0,51.00,1243.00,37.00,19.00,32.00,604.00,639.00,15.00,22.00,8.00,211.00,3.00,5.00,68.00,143.00
53,2020-04-17,A,,170.00,,,,,,,,,33.00,,,,
53,2020-04-17,B,12.00,369.00,8.00,,,,,,,6.00,78.00,,,,
53,2020-04-17,C,15.00,280.00,10.00,,,,,,,2.00,41.00,,,,
53,2020-04-17,D,,143.00,,,,,,,,,12.00,,,,
53,2020-04-17,E,24.00,281.00,19.00,,,,,,,,47.00,,,,
75,2020-04-17,0,139.00,2426.00,68.00,53.00,86.00,1266.00,1160.00,30.00,38.00,46.00,756.00,24.00,22.00,301.00,455.00
75,2020-04-17,A,2.00,317.00,1.00,,,,,,,2.00,101.00,,,,
75,2020-04-17,B,55.00,735.00,11.00,,,,,,,28.00,328.00,,,,
75,2020-04-17,C,28.00,572.00,10.00,,,,,,,12.00,161.00,,,,
75,2020-04-17,D,18.00,268.00,12.00,,,,,,,2.00,67.00,,,,
75,2020-04-17,E,36.00,534.00,34.00,,,,,,,2.00,99.00,,,,
76,2020-04-17,0,121.00,2502.00,49.00,64.00,57.00,1261.00,1241.00,27.00,22.00,24.00,268.00,14.00,10.00,101.00,167.00
76,2020-04-17,A,12.00,289.00,1.00,,,,,,,3.00,47.00,,,,
76,2020-04-17,B,36.00,841.00,7.00,,,,,,,15.00,115.00,,,,
76,2020-04-17,C,30.00,568.00,13.00,,,,,,,2.00,49.00,,,,
76,2020-04-17,D,14.00,298.00,4.00,,,,,,,2.00,22.00,,,,
76,2020-04-17,E,29.00,506.00,24.00,,,,,,,2.00,35.00,,,,
84,2020-04-17,0,193.00,2982.00,80.00,86.00,107.00,1535.00,1447.00,40.00,40.00,53.00,665.00,18.00,35.00,285.00,380.00
84,2020-04-17,A,2.00,450.00,,,,,,,,4.00,81.00,,,,
84,2020-04-17,B,66.00,995.00,9.00,,,,,,,28.00,271.00,,,,
84,2020-04-17,C,54.00,702.00,16.00,,,,,,,9.00,132.00,,,,
84,2020-04-17,D,20.00,294.00,14.00,,,,,,,5.00,47.00,,,,
84,2020-04-17,E,51.00,541.00,41.00,,,,,,,7.00,134.00,,,,
93,2020-04-17,0,161.00,2349.00,97.00,77.00,84.00,1230.00,1119.00,46.00,51.00,61.00,568.00,25.00,36.00,235.00,333.00
93,2020-04-17,A,1.00,323.00,,,,,,,,4.00,80.00,,,,
93,2020-04-17,B,32.00,728.00,14.00,,,,,,,26.00,206.00,,,,
93,2020-04-17,C,61.00,574.00,31.00,,,,,,,21.00,124.00,,,,
93,2020-04-17,D,23.00,240.00,13.00,,,,,,,4.00,60.00,,,,
93,2020-04-17,E,44.00,484.00,39.00,,,,,,,6.00,97.00,,,,
94,2020-04-17,0,36.00,152.00,35.00,13.00,23.00,82.00,70.00,12.00,23.00,3.00,25.00,1.00,2.00,12.00,13.00
94,2020-04-17,A,,8.00,,,,,,,,,6.00,,,,
94,2020-04-17,B,17.00,55.00,16.00,,,,,,,2.00,11.00,,,,
94,2020-04-17,C,14.00,45.00,14.00,,,,,,,1.00,4.00,,,,
94,2020-04-17,D,1.00,14.00,1.00,,,,,,,,,,,,
94,2020-04-17,E,4.00,30.00,4.00,,,,,,,,4.00,,,,
01,2020-04-18,0,2.00,133.00,1.00,1.00,1.00,60.00,73.00,,1.00,,,,,,
01,2020-04-18,A,,16.00,,,,,,,,,,,,,
01,2020-04-18,B,2.00,61.00,1.00,,,,,,,,,,,,
01,2020-04-18,C,,31.00,,,,,,,,,,,,,
01,2020-04-18,D,,12.00,,,,,,,,,,,,,
01,2020-04-18,E,,13.00,,,,,,,,,,,,,
02,2020-04-18,0,,,,,,,,,,9.00,101.00,3.00,6.00,33.00,68.00
02,2020-04-18,A,,,,,,,,,,,10.00,,,,
02,2020-04-18,B,,,,,,,,,,8.00,30.00,,,,
02,2020-04-18,C,,,,,,,,,,,24.00,,,,
02,2020-04-18,D,,,,,,,,,,,10.00,,,,
02,2020-04-18,E,,,,,,,,,,1.00,27.00,,,,
03,2020-04-18,0,,138.00,,,,75.00,63.00,,,,,,,,
03,2020-04-18,A,,31.00,,,,,,,,,,,,,
03,2020-04-18,B,,75.00,,,,,,,,,,,,,
03,2020-04-18,C,,26.00,,,,,,,,,,,,,
03,2020-04-18,D,,5.00,,,,,,,,,,,,,
03,2020-04-18,E,,1.00,,,,,,,,,,,,,
04,2020-04-18,0,,330.00,,,,174.00,156.00,,,,,,,,
04,2020-04-18,A,,46.00,,,,,,,,,,,,,
04,2020-04-18,B,,145.00,,,,,,,,,,,,,
04,2020-04-18,C,,76.00,,,,,,,,,,,,,
04,2020-04-18,D,,30.00,,,,,,,,,,,,,
04,2020-04-18,E,,33.00,,,,,,,,,,,,,
06,2020-04-18,0,10.00,119.00,3.00,4.00,6.00,69.00,50.00,2.00,1.00,,,,,,
06,2020-04-18,A,1.00,33.00,1.00,,,,,,,,,,,,
06,2020-04-18,B,7.00,59.00,,,,,,,,,,,,,
06,2020-04-18,C,1.00,20.00,1.00,,,,,,,,,,,,
06,2020-04-18,D,1.00,4.00,1.00,,,,,,,,,,,,
06,2020-04-18,E,,3.00,,,,,,,,,,,,,
07,2020-04-18,0,,7.00,,,,3.00,4.00,,,,,,,,
07,2020-04-18,A,,1.00,,,,,,,,,,,,,
07,2020-04-18,B,,2.00,,,,,,,,,,,,,
07,2020-04-18,C,,4.00,,,,,,,,,,,,,
07,2020-04-18,D,,,,,,,,,,,,,,,
07,2020-04-18,E,,,,,,,,,,,,,,,
08,2020-04-18,0,,10.00,,,,4.00,6.00,,,,,,,,
08,2020-04-18,A,,1.00,,,,,,,,,,,,,
08,2020-04-18,B,,4.00,,,,,,,,,,,,,
08,2020-04-18,C,,4.00,,,,,,,,,,,,,
08,2020-04-18,D,,1.00,,,,,,,,,,,,,
08,2020-04-18,E,,,,,,,,,,,,,,,
11,2020-04-18,0,427.00,4054.00,142.00,215.00,211.00,2120.00,1933.00,86.00,56.00,83.00,1191.00,38.00,45.00,488.00,703.00
11,2020-04-18,A,,579.00,,,,,,,,9.00,205.00,,,,
11,2020-04-18,B,191.00,1592.00,22.00,,,,,,,32.00,437.00,,,,
11,2020-04-18,C,122.00,1035.00,37.00,,,,,,,19.00,226.00,,,,
11,2020-04-18,D,40.00,321.00,25.00,,,,,,,11.00,112.00,,,,
11,2020-04-18,E,74.00,527.00,58.00,,,,,,,12.00,205.00,,,,
24,2020-04-18,0,59.00,1003.00,16.00,21.00,38.00,518.00,485.00,6.00,10.00,6.00,257.00,4.00,2.00,107.00,150.00
24,2020-04-18,A,3.00,168.00,,,,,,,,,34.00,,,,
24,2020-04-18,B,13.00,330.00,1.00,,,,,,,3.00,118.00,,,,
24,2020-04-18,C,16.00,223.00,3.00,,,,,,,3.00,58.00,,,,
24,2020-04-18,D,8.00,110.00,4.00,,,,,,,,16.00,,,,
24,2020-04-18,E,19.00,172.00,8.00,,,,,,,,31.00,,,,
27,2020-04-18,0,100.00,1286.00,46.00,36.00,64.00,657.00,629.00,19.00,27.00,13.00,227.00,9.00,4.00,94.00,133.00
27,2020-04-18,A,1.00,176.00,,,,,,,,,43.00,,,,
27,2020-04-18,B,32.00,432.00,7.00,,,,,,,9.00,90.00,,,,
27,2020-04-18,C,33.00,293.00,10.00,,,,,,,3.00,46.00,,,,
27,2020-04-18,D,9.00,140.00,7.00,,,,,,,,17.00,,,,
27,2020-04-18,E,25.00,245.00,22.00,,,,,,,1.00,29.00,,,,
28,2020-04-18,0,57.00,1296.00,27.00,22.00,35.00,626.00,669.00,13.00,14.00,20.00,408.00,12.00,8.00,167.00,241.00
28,2020-04-18,A,,201.00,,,,,,,,,60.00,,,,
28,2020-04-18,B,16.00,451.00,2.00,,,,,,,13.00,182.00,,,,
28,2020-04-18,C,19.00,291.00,9.00,,,,,,,4.00,67.00,,,,
28,2020-04-18,D,7.00,133.00,4.00,,,,,,,1.00,34.00,,,,
28,2020-04-18,E,15.00,219.00,12.00,,,,,,,2.00,65.00,,,,
32,2020-04-18,0,157.00,1984.00,60.00,75.00,82.00,1007.00,977.00,29.00,31.00,39.00,602.00,13.00,26.00,249.00,353.00
32,2020-04-18,A,4.00,314.00,,,,,,,,5.00,131.00,,,,
32,2020-04-18,B,52.00,785.00,10.00,,,,,,,20.00,249.00,,,,
32,2020-04-18,C,33.00,398.00,9.00,,,,,,,12.00,135.00,,,,
32,2020-04-18,D,22.00,178.00,8.00,,,,,,,,39.00,,,,
32,2020-04-18,E,46.00,309.00,33.00,,,,,,,1.00,45.00,,,,
44,2020-04-18,0,161.00,1993.00,89.00,59.00,102.00,994.00,998.00,32.00,57.00,63.00,648.00,29.00,34.00,272.00,376.00
44,2020-04-18,A,1.00,322.00,,,,,,,,2.00,111.00,,,,
44,2020-04-18,B,44.00,644.00,12.00,,,,,,,37.00,265.00,,,,
44,2020-04-18,C,50.00,457.00,21.00,,,,,,,16.00,137.00,,,,
44,2020-04-18,D,11.00,188.00,7.00,,,,,,,4.00,39.00,,,,
44,2020-04-18,E,55.00,382.00,49.00,,,,,,,4.00,90.00,,,,
52,2020-04-18,0,69.00,1207.00,37.00,33.00,36.00,648.00,558.00,22.00,15.00,20.00,469.00,12.00,8.00,222.00,247.00
52,2020-04-18,A,4.00,218.00,2.00,,,,,,,3.00,96.00,,,,
52,2020-04-18,B,20.00,381.00,3.00,,,,,,,8.00,179.00,,,,
52,2020-04-18,C,13.00,251.00,6.00,,,,,,,6.00,90.00,,,,
52,2020-04-18,D,8.00,129.00,7.00,,,,,,,2.00,38.00,,,,
52,2020-04-18,E,24.00,228.00,19.00,,,,,,,1.00,66.00,,,,
53,2020-04-18,0,63.00,1281.00,42.00,26.00,37.00,641.00,640.00,17.00,25.00,5.00,352.00,3.00,2.00,148.00,204.00
53,2020-04-18,A,,226.00,,,,,,,,2.00,49.00,,,,
53,2020-04-18,B,18.00,402.00,10.00,,,,,,,,133.00,,,,
53,2020-04-18,C,22.00,276.00,15.00,,,,,,,1.00,69.00,,,,
53,2020-04-18,D,5.00,139.00,5.00,,,,,,,2.00,28.00,,,,
53,2020-04-18,E,18.00,238.00,12.00,,,,,,,,73.00,,,,
75,2020-04-18,0,110.00,2358.00,62.00,54.00,56.00,1247.00,1110.00,36.00,26.00,66.00,1081.00,24.00,42.00,448.00,633.00
75,2020-04-18,A,4.00,310.00,1.00,,,,,,,7.00,180.00,,,,
75,2020-04-18,B,42.00,756.00,12.00,,,,,,,28.00,421.00,,,,
75,2020-04-18,C,18.00,574.00,11.00,,,,,,,17.00,223.00,,,,
75,2020-04-18,D,13.00,239.00,10.00,,,,,,,3.00,96.00,,,,
75,2020-04-18,E,33.00,479.00,28.00,,,,,,,11.00,161.00,,,,
76,2020-04-18,0,89.00,2321.00,44.00,30.00,59.00,1135.00,1186.00,18.00,26.00,28.00,416.00,10.00,18.00,179.00,237.00
76,2020-04-18,A,4.00,332.00,,,,,,,,3.00,73.00,,,,
76,2020-04-18,B,27.00,841.00,7.00,,,,,,,15.00,181.00,,,,
76,2020-04-18,C,24.00,501.00,10.00,,,,,,,8.00,76.00,,,,
76,2020-04-18,D,15.00,240.00,11.00,,,,,,,2.00,34.00,,,,
76,2020-04-18,E,19.00,407.00,16.00,,,,,,,,52.00,,,,
84,2020-04-18,0,118.00,2936.00,43.00,50.00,68.00,1500.00,1436.00,21.00,22.00,71.00,878.00,27.00,44.00,351.00,527.00
84,2020-04-18,A,1.00,470.00,,,,,,,,7.00,116.00,,,,
84,2020-04-18,B,37.00,1044.00,3.00,,,,,,,33.00,339.00,,,,
84,2020-04-18,C,43.00,657.00,12.00,,,,,,,16.00,171.00,,,,
84,2020-04-18,D,7.00,260.00,2.00,,,,,,,2.00,77.00,,,,
84,2020-04-18,E,30.00,505.00,26.00,,,,,,,13.00,173.00,,,,
93,2020-04-18,0,162.00,2542.00,71.00,61.00,101.00,1299.00,1243.00,35.00,36.00,58.00,785.00,25.00,33.00,300.00,485.00
93,2020-04-18,A,5.00,363.00,,,,,,,,4.00,124.00,,,,
93,2020-04-18,B,58.00,853.00,15.00,,,,,,,24.00,247.00,,,,
93,2020-04-18,C,43.00,617.00,10.00,,,,,,,13.00,182.00,,,,
93,2020-04-18,D,12.00,246.00,9.00,,,,,,,11.00,71.00,,,,
93,2020-04-18,E,44.00,463.00,37.00,,,,,,,6.00,158.00,,,,
94,2020-04-18,0,6.00,142.00,5.00,2.00,4.00,79.00,63.00,1.00,4.00,7.00,53.00,2.00,5.00,22.00,31.00
94,2020-04-18,A,,14.00,,,,,,,,1.00,10.00,,,,
94,2020-04-18,B,3.00,52.00,2.00,,,,,,,4.00,17.00,,,,
94,2020-04-18,C,3.00,39.00,3.00,,,,,,,1.00,12.00,,,,
94,2020-04-18,D,,15.00,,,,,,,,1.00,5.00,,,,
94,2020-04-18,E,,22.00,,,,,,,,,9.00,,,,
01,2020-04-19,0,,133.00,,,,58.00,75.00,,,,,,,,
01,2020-04-19,A,,25.00,,,,,,,,,,,,,
01,2020-04-19,B,,50.00,,,,,,,,,,,,,
01,2020-04-19,C,,31.00,,,,,,,,,,,,,
01,2020-04-19,D,,8.00,,,,,,,,,,,,,
01,2020-04-19,E,,19.00,,,,,,,,,,,,,
02,2020-04-19,0,,,,,,,,,,,86.00,,,29.00,57.00
02,2020-04-19,A,,,,,,,,,,,11.00,,,,
02,2020-04-19,B,,,,,,,,,,,21.00,,,,
02,2020-04-19,C,,,,,,,,,,,17.00,,,,
02,2020-04-19,D,,,,,,,,,,,13.00,,,,
02,2020-04-19,E,,,,,,,,,,,24.00,,,,
03,2020-04-19,0,,138.00,,,,79.00,59.00,,,,,,,,
03,2020-04-19,A,,26.00,,,,,,,,,,,,,
03,2020-04-19,B,,73.00,,,,,,,,,,,,,
03,2020-04-19,C,,29.00,,,,,,,,,,,,,
03,2020-04-19,D,,8.00,,,,,,,,,,,,,
03,2020-04-19,E,,2.00,,,,,,,,,,,,,
04,2020-04-19,0,2.00,272.00,,1.00,1.00,150.00,122.00,,,,,,,,
04,2020-04-19,A,,56.00,,,,,,,,,,,,,
04,2020-04-19,B,1.00,100.00,,,,,,,,,,,,,
04,2020-04-19,C,1.00,72.00,,,,,,,,,,,,,
04,2020-04-19,D,,20.00,,,,,,,,,,,,,
04,2020-04-19,E,,24.00,,,,,,,,,,,,,
06,2020-04-19,0,3.00,86.00,,2.00,1.00,46.00,40.00,,,,,,,,
06,2020-04-19,A,,19.00,,,,,,,,,,,,,
06,2020-04-19,B,2.00,54.00,,,,,,,,,,,,,
06,2020-04-19,C,1.00,10.00,,,,,,,,,,,,,
06,2020-04-19,D,,,,,,,,,,,,,,,
06,2020-04-19,E,,3.00,,,,,,,,,,,,,
07,2020-04-19,0,,5.00,,,,2.00,3.00,,,,,,,,
07,2020-04-19,A,,,,,,,,,,,,,,,
07,2020-04-19,B,,3.00,,,,,,,,,,,,,
07,2020-04-19,C,,1.00,,,,,,,,,,,,,
07,2020-04-19,D,,,,,,,,,,,,,,,
07,2020-04-19,E,,1.00,,,,,,,,,,,,,
08,2020-04-19,0,,12.00,,,,6.00,6.00,,,,,,,,
08,2020-04-19,A,,,,,,,,,,,,,,,
08,2020-04-19,B,,6.00,,,,,,,,,,,,,
08,2020-04-19,C,,2.00,,,,,,,,,,,,,
08,2020-04-19,D,,3.00,,,,,,,,,,,,,
08,2020-04-19,E,,1.00,,,,,,,,,,,,,
11,2020-04-19,0,372.00,3668.00,125.00,194.00,177.00,1920.00,1746.00,73.00,52.00,106.00,1094.00,46.00,60.00,479.00,614.00
11,2020-04-19,A,3.00,609.00,,,,,,,,11.00,213.00,,,,
11,2020-04-19,B,177.00,1565.00,21.00,,,,,,,54.00,405.00,,,,
11,2020-04-19,C,97.00,824.00,29.00,,,,,,,22.00,229.00,,,,
11,2020-04-19,D,34.00,267.00,24.00,,,,,,,4.00,96.00,,,,
11,2020-04-19,E,60.00,402.00,51.00,,,,,,,13.00,140.00,,,,
24,2020-04-19,0,62.00,889.00,15.00,26.00,36.00,427.00,462.00,9.00,6.00,18.00,227.00,7.00,11.00,85.00,142.00
24,2020-04-19,A,,139.00,,,,,,,,,25.00,,,,
24,2020-04-19,B,22.00,313.00,4.00,,,,,,,12.00,113.00,,,,
24,2020-04-19,C,13.00,189.00,2.00,,,,,,,4.00,47.00,,,,
24,2020-04-19,D,9.00,89.00,3.00,,,,,,,2.00,19.00,,,,
24,2020-04-19,E,18.00,159.00,6.00,,,,,,,,23.00,,,,
27,2020-04-19,0,99.00,1050.00,43.00,37.00,62.00,501.00,549.00,22.00,21.00,13.00,219.00,2.00,11.00,91.00,128.00
27,2020-04-19,A,2.00,139.00,1.00,,,,,,,1.00,30.00,,,,
27,2020-04-19,B,29.00,363.00,2.00,,,,,,,8.00,96.00,,,,
27,2020-04-19,C,24.00,241.00,4.00,,,,,,,4.00,47.00,,,,
27,2020-04-19,D,15.00,121.00,11.00,,,,,,,,21.00,,,,
27,2020-04-19,E,29.00,186.00,25.00,,,,,,,,23.00,,,,
28,2020-04-19,0,32.00,1161.00,20.00,17.00,15.00,592.00,569.00,10.00,10.00,20.00,307.00,6.00,14.00,111.00,196.00
28,2020-04-19,A,,206.00,,,,,,,,3.00,53.00,,,,
28,2020-04-19,B,8.00,417.00,4.00,,,,,,,13.00,144.00,,,,
28,2020-04-19,C,11.00,249.00,4.00,,,,,,,3.00,60.00,,,,
28,2020-04-19,D,4.00,111.00,3.00,,,,,,,,13.00,,,,
28,2020-04-19,E,9.00,178.00,9.00,,,,,,,1.00,37.00,,,,
32,2020-04-19,0,96.00,1722.00,44.00,44.00,52.00,909.00,813.00,21.00,23.00,38.00,402.00,18.00,20.00,165.00,237.00
32,2020-04-19,A,1.00,294.00,,,,,,,,3.00,81.00,,,,
32,2020-04-19,B,21.00,661.00,5.00,,,,,,,25.00,196.00,,,,
32,2020-04-19,C,27.00,352.00,9.00,,,,,,,6.00,67.00,,,,
32,2020-04-19,D,13.00,159.00,5.00,,,,,,,,22.00,,,,
32,2020-04-19,E,34.00,255.00,25.00,,,,,,,4.00,36.00,,,,
44,2020-04-19,0,109.00,1660.00,64.00,49.00,60.00,828.00,832.00,35.00,29.00,54.00,656.00,24.00,30.00,277.00,379.00
44,2020-04-19,A,2.00,269.00,1.00,,,,,,,2.00,90.00,,,,
44,2020-04-19,B,27.00,535.00,9.00,,,,,,,28.00,248.00,,,,
44,2020-04-19,C,30.00,356.00,14.00,,,,,,,14.00,139.00,,,,
44,2020-04-19,D,13.00,192.00,9.00,,,,,,,4.00,67.00,,,,
44,2020-04-19,E,37.00,308.00,31.00,,,,,,,6.00,110.00,,,,
52,2020-04-19,0,39.00,888.00,31.00,21.00,18.00,478.00,410.00,15.00,16.00,24.00,434.00,10.00,14.00,186.00,248.00
52,2020-04-19,A,,137.00,,,,,,,,1.00,84.00,,,,
52,2020-04-19,B,10.00,304.00,7.00,,,,,,,10.00,169.00,,,,
52,2020-04-19,C,10.00,203.00,9.00,,,,,,,6.00,73.00,,,,
52,2020-04-19,D,4.00,80.00,3.00,,,,,,,,23.00,,,,
52,2020-04-19,E,15.00,164.00,12.00,,,,,,,7.00,85.00,,,,
53,2020-04-19,0,46.00,1080.00,35.00,24.00,22.00,569.00,511.00,19.00,16.00,6.00,305.00,4.00,2.00,126.00,179.00
53,2020-04-19,A,1.00,183.00,,,,,,,,,41.00,,,,
53,2020-04-19,B,8.00,349.00,2.00,,,,,,,4.00,134.00,,,,
53,2020-04-19,C,13.00,236.00,11.00,,,,,,,2.00,46.00,,,,
53,2020-04-19,D,7.00,102.00,6.00,,,,,,,,29.00,,,,
53,2020-04-19,E,17.00,210.00,16.00,,,,,,,,55.00,,,,
75,2020-04-19,0,90.00,1873.00,52.00,35.00,55.00,934.00,939.00,21.00,31.00,61.00,902.00,26.00,35.00,393.00,509.00
75,2020-04-19,A,4.00,229.00,1.00,,,,,,,5.00,157.00,,,,
75,2020-04-19,B,28.00,673.00,9.00,,,,,,,33.00,351.00,,,,
75,2020-04-19,C,20.00,443.00,10.00,,,,,,,10.00,179.00,,,,
75,2020-04-19,D,13.00,179.00,10.00,,,,,,,4.00,73.00,,,,
75,2020-04-19,E,25.00,349.00,22.00,,,,,,,9.00,141.00,,,,
76,2020-04-19,0,71.00,2020.00,38.00,31.00,40.00,1011.00,1009.00,16.00,22.00,30.00,417.00,10.00,20.00,163.00,254.00
76,2020-04-19,A,4.00,286.00,,,,,,,,2.00,57.00,,,,
76,2020-04-19,B,25.00,732.00,3.00,,,,,,,19.00,182.00,,,,
76,2020-04-19,C,18.00,425.00,12.00,,,,,,,7.00,93.00,,,,
76,2020-04-19,D,4.00,206.00,4.00,,,,,,,,27.00,,,,
76,2020-04-19,E,20.00,371.00,19.00,,,,,,,2.00,58.00,,,,
84,2020-04-19,0,122.00,2355.00,54.00,51.00,71.00,1157.00,1198.00,23.00,31.00,56.00,801.00,22.00,34.00,362.00,437.00
84,2020-04-19,A,2.00,392.00,2.00,,,,,,,5.00,108.00,,,,
84,2020-04-19,B,41.00,875.00,4.00,,,,,,,34.00,326.00,,,,
84,2020-04-19,C,33.00,477.00,7.00,,,,,,,11.00,161.00,,,,
84,2020-04-19,D,10.00,199.00,8.00,,,,,,,1.00,56.00,,,,
84,2020-04-19,E,36.00,412.00,33.00,,,,,,,5.00,150.00,,,,
93,2020-04-19,0,123.00,2105.00,62.00,47.00,76.00,1024.00,1081.00,25.00,37.00,48.00,649.00,17.00,31.00,249.00,400.00
93,2020-04-19,A,,312.00,,,,,,,,3.00,94.00,,,,
93,2020-04-19,B,51.00,788.00,13.00,,,,,,,23.00,236.00,,,,
93,2020-04-19,C,34.00,496.00,16.00,,,,,,,14.00,159.00,,,,
93,2020-04-19,D,9.00,165.00,8.00,,,,,,,1.00,52.00,,,,
93,2020-04-19,E,29.00,344.00,25.00,,,,,,,7.00,108.00,,,,
94,2020-04-19,0,9.00,115.00,8.00,2.00,7.00,57.00,58.00,2.00,6.00,1.00,25.00,,1.00,17.00,8.00
94,2020-04-19,A,,14.00,,,,,,,,,3.00,,,,
94,2020-04-19,B,1.00,30.00,1.00,,,,,,,,9.00,,,,
94,2020-04-19,C,2.00,32.00,1.00,,,,,,,,6.00,,,,
94,2020-04-19,D,,15.00,,,,,,,,1.00,5.00,,,,
94,2020-04-19,E,6.00,24.00,6.00,,,,,,,,2.00,,,,
01,2020-04-20,0,3.00,180.00,1.00,3.00,,83.00,97.00,1.00,,,,,,,
01,2020-04-20,A,,28.00,,,,,,,,,,,,,
01,2020-04-20,B,,60.00,,,,,,,,,,,,,
01,2020-04-20,C,1.00,49.00,,,,,,,,,,,,,
01,2020-04-20,D,,20.00,,,,,,,,,,,,,
01,2020-04-20,E,2.00,23.00,1.00,,,,,,,,,,,,
02,2020-04-20,0,,,,,,,,,,3.00,109.00,1.00,2.00,40.00,69.00
02,2020-04-20,A,,,,,,,,,,2.00,14.00,,,,
02,2020-04-20,B,,,,,,,,,,1.00,28.00,,,,
02,2020-04-20,C,,,,,,,,,,,24.00,,,,
02,2020-04-20,D,,,,,,,,,,,20.00,,,,
02,2020-04-20,E,,,,,,,,,,,23.00,,,,
03,2020-04-20,0,3.00,142.00,3.00,,3.00,71.00,71.00,,3.00,,,,,,
03,2020-04-20,A,,28.00,,,,,,,,,,,,,
03,2020-04-20,B,1.00,62.00,1.00,,,,,,,,,,,,
03,2020-04-20,C,2.00,43.00,2.00,,,,,,,,,,,,
03,2020-04-20,D,,3.00,,,,,,,,,,,,,
03,2020-04-20,E,,6.00,,,,,,,,,,,,,
04,2020-04-20,0,1.00,368.00,1.00,,1.00,192.00,176.00,,1.00,,,,,,
04,2020-04-20,A,,47.00,,,,,,,,,,,,,
04,2020-04-20,B,,130.00,,,,,,,,,,,,,
04,2020-04-20,C,1.00,108.00,1.00,,,,,,,,,,,,
04,2020-04-20,D,,39.00,,,,,,,,,,,,,
04,2020-04-20,E,,44.00,,,,,,,,,,,,,
06,2020-04-20,0,23.00,100.00,1.00,14.00,9.00,59.00,41.00,1.00,,,,,,,
06,2020-04-20,A,,28.00,,,,,,,,,,,,,
06,2020-04-20,B,16.00,50.00,,,,,,,,,,,,,
06,2020-04-20,C,6.00,17.00,1.00,,,,,,,,,,,,
06,2020-04-20,D,,4.00,,,,,,,,,,,,,
06,2020-04-20,E,1.00,1.00,,,,,,,,,,,,,
07,2020-04-20,0,,20.00,,,,14.00,6.00,,,,,,,,
07,2020-04-20,A,,1.00,,,,,,,,,,,,,
07,2020-04-20,B,,7.00,,,,,,,,,,,,,
07,2020-04-20,C,,8.00,,,,,,,,,,,,,
07,2020-04-20,D,,3.00,,,,,,,,,,,,,
07,2020-04-20,E,,1.00,,,,,,,,,,,,,
08,2020-04-20,0,,6.00,,,,5.00,1.00,,,,,,,,
08,2020-04-20,A,,,,,,,,,,,,,,,
08,2020-04-20,B,,3.00,,,,,,,,,,,,,
08,2020-04-20,C,,3.00,,,,,,,,,,,,,
08,2020-04-20,D,,,,,,,,,,,,,,,
08,2020-04-20,E,,,,,,,,,,,,,,,
11,2020-04-20,0,650.00,4432.00,189.00,296.00,354.00,2218.00,2214.00,95.00,94.00,101.00,923.00,45.00,56.00,386.00,537.00
11,2020-04-20,A,5.00,639.00,2.00,,,,,,,10.00,138.00,,,,
11,2020-04-20,B,284.00,1711.00,26.00,,,,,,,49.00,317.00,,,,
11,2020-04-20,C,205.00,1138.00,47.00,,,,,,,25.00,208.00,,,,
11,2020-04-20,D,49.00,346.00,28.00,,,,,,,7.00,97.00,,,,
11,2020-04-20,E,107.00,598.00,86.00,,,,,,,9.00,159.00,,,,
24,2020-04-20,0,96.00,1148.00,24.00,44.00,52.00,579.00,569.00,12.00,12.00,22.00,167.00,13.00,9.00,84.00,83.00
24,2020-04-20,A,2.00,166.00,,,,,,,,,20.00,,,,
24,2020-04-20,B,34.00,349.00,1.00,,,,,,,17.00,87.00,,,,
24,2020-04-20,C,22.00,264.00,3.00,,,,,,,4.00,36.00,,,,
24,2020-04-20,D,9.00,143.00,2.00,,,,,,,,4.00,,,,
24,2020-04-20,E,29.00,226.00,18.00,,,,,,,1.00,20.00,,,,
27,2020-04-20,0,157.00,1394.00,67.00,63.00,94.00,744.00,650.00,29.00,38.00,9.00,120.00,1.00,8.00,50.00,70.00
27,2020-04-20,A,,140.00,,,,,,,,1.00,16.00,,,,
27,2020-04-20,B,47.00,443.00,12.00,,,,,,,3.00,38.00,,,,
27,2020-04-20,C,54.00,341.00,11.00,,,,,,,2.00,29.00,,,,
27,2020-04-20,D,17.00,177.00,10.00,,,,,,,1.00,12.00,,,,
27,2020-04-20,E,39.00,293.00,34.00,,,,,,,2.00,24.00,,,,
28,2020-04-20,0,59.00,1505.00,28.00,30.00,29.00,775.00,730.00,17.00,11.00,19.00,277.00,11.00,8.00,118.00,159.00
28,2020-04-20,A,1.00,204.00,,,,,,,,,34.00,,,,
28,2020-04-20,B,19.00,500.00,3.00,,,,,,,12.00,134.00,,,,
28,2020-04-20,C,21.00,370.00,10.00,,,,,,,3.00,59.00,,,,
28,2020-04-20,D,5.00,171.00,4.00,,,,,,,2.00,23.00,,,,
28,2020-04-20,E,13.00,260.00,11.00,,,,,,,2.00,27.00,,,,
32,2020-04-20,0,194.00,2245.00,81.00,88.00,106.00,1150.00,1095.00,42.00,39.00,27.00,507.00,15.00,12.00,240.00,267.00
32,2020-04-20,A,11.00,345.00,3.00,,,,,,,,95.00,,,,
32,2020-04-20,B,44.00,766.00,11.00,,,,,,,18.00,253.00,,,,
32,2020-04-20,C,61.00,519.00,15.00,,,,,,,8.00,99.00,,,,
32,2020-04-20,D,32.00,234.00,19.00,,,,,,,,24.00,,,,
32,2020-04-20,E,46.00,381.00,33.00,,,,,,,1.00,35.00,,,,
44,2020-04-20,0,181.00,2140.00,104.00,81.00,100.00,1103.00,1035.00,47.00,57.00,54.00,458.00,26.00,28.00,196.00,262.00
44,2020-04-20,A,1.00,284.00,1.00,,,,,,,3.00,68.00,,,,
44,2020-04-20,B,62.00,628.00,20.00,,,,,,,29.00,219.00,,,,
44,2020-04-20,C,43.00,506.00,22.00,,,,,,,12.00,74.00,,,,
44,2020-04-20,D,30.00,280.00,22.00,,,,,,,7.00,37.00,,,,
44,2020-04-20,E,45.00,442.00,39.00,,,,,,,3.00,55.00,,,,
52,2020-04-20,0,133.00,1210.00,76.00,53.00,80.00,623.00,587.00,30.00,46.00,17.00,334.00,4.00,13.00,136.00,198.00
52,2020-04-20,A,3.00,164.00,,,,,,,,2.00,44.00,,,,
52,2020-04-20,B,37.00,379.00,17.00,,,,,,,9.00,132.00,,,,
52,2020-04-20,C,34.00,273.00,17.00,,,,,,,1.00,65.00,,,,
52,2020-04-20,D,19.00,154.00,9.00,,,,,,,,28.00,,,,
52,2020-04-20,E,40.00,240.00,33.00,,,,,,,5.00,64.00,,,,
53,2020-04-20,0,61.00,1216.00,43.00,34.00,27.00,599.00,617.00,25.00,18.00,15.00,209.00,7.00,8.00,88.00,121.00
53,2020-04-20,A,1.00,167.00,1.00,,,,,,,1.00,32.00,,,,
53,2020-04-20,B,13.00,365.00,6.00,,,,,,,8.00,86.00,,,,
53,2020-04-20,C,17.00,266.00,9.00,,,,,,,4.00,45.00,,,,
53,2020-04-20,D,10.00,152.00,9.00,,,,,,,,11.00,,,,
53,2020-04-20,E,20.00,266.00,18.00,,,,,,,2.00,35.00,,,,
75,2020-04-20,0,117.00,2570.00,72.00,55.00,62.00,1313.00,1257.00,39.00,33.00,63.00,778.00,26.00,37.00,334.00,444.00
75,2020-04-20,A,,297.00,,,,,,,,7.00,117.00,,,,
75,2020-04-20,B,26.00,758.00,8.00,,,,,,,31.00,350.00,,,,
75,2020-04-20,C,31.00,643.00,12.00,,,,,,,14.00,152.00,,,,
75,2020-04-20,D,22.00,332.00,18.00,,,,,,,7.00,66.00,,,,
75,2020-04-20,E,38.00,540.00,34.00,,,,,,,4.00,93.00,,,,
76,2020-04-20,0,154.00,2507.00,49.00,61.00,93.00,1274.00,1233.00,27.00,22.00,19.00,268.00,9.00,10.00,107.00,160.00
76,2020-04-20,A,9.00,260.00,1.00,,,,,,,2.00,39.00,,,,
76,2020-04-20,B,55.00,874.00,4.00,,,,,,,8.00,105.00,,,,
76,2020-04-20,C,49.00,594.00,14.00,,,,,,,4.00,60.00,,,,
76,2020-04-20,D,9.00,279.00,4.00,,,,,,,3.00,26.00,,,,
76,2020-04-20,E,32.00,500.00,26.00,,,,,,,2.00,38.00,,,,
84,2020-04-20,0,188.00,3063.00,92.00,87.00,101.00,1596.00,1467.00,49.00,43.00,51.00,600.00,20.00,31.00,236.00,363.00
84,2020-04-20,A,,412.00,,,,,,,,5.00,64.00,,,,
84,2020-04-20,B,57.00,1061.00,6.00,,,,,,,17.00,255.00,,,,
84,2020-04-20,C,51.00,738.00,18.00,,,,,,,16.00,115.00,,,,
84,2020-04-20,D,15.00,296.00,11.00,,,,,,,5.00,51.00,,,,
84,2020-04-20,E,65.00,556.00,57.00,,,,,,,8.00,115.00,,,,
93,2020-04-20,0,144.00,2362.00,88.00,67.00,77.00,1168.00,1194.00,42.00,46.00,47.00,620.00,19.00,28.00,255.00,365.00
93,2020-04-20,A,1.00,260.00,,,,,,,,8.00,102.00,,,,
93,2020-04-20,B,37.00,769.00,14.00,,,,,,,23.00,219.00,,,,
93,2020-04-20,C,39.00,602.00,17.00,,,,,,,9.00,124.00,,,,
93,2020-04-20,D,21.00,245.00,15.00,,,,,,,4.00,66.00,,,,
93,2020-04-20,E,46.00,486.00,42.00,,,,,,,3.00,107.00,,,,
94,2020-04-20,0,37.00,124.00,37.00,20.00,17.00,68.00,56.00,20.00,17.00,1.00,29.00,,1.00,17.00,12.00
94,2020-04-20,A,,5.00,,,,,,,,,6.00,,,,
94,2020-04-20,B,13.00,47.00,13.00,,,,,,,1.00,16.00,,,,
94,2020-04-20,C,16.00,32.00,16.00,,,,,,,,3.00,,,,
94,2020-04-20,D,2.00,16.00,2.00,,,,,,,,,,,,
94,2020-04-20,E,6.00,24.00,6.00,,,,,,,,4.00,,,,
01,2020-04-21,0,6.00,168.00,3.00,3.00,3.00,70.00,98.00,1.00,2.00,,,,,,
01,2020-04-21,A,1.00,21.00,1.00,,,,,,,,,,,,
01,2020-04-21,B,3.00,69.00,1.00,,,,,,,,,,,,
01,2020-04-21,C,,33.00,,,,,,,,,,,,,
01,2020-04-21,D,1.00,25.00,,,,,,,,,,,,,
01,2020-04-21,E,1.00,20.00,1.00,,,,,,,,,,,,
02,2020-04-21,0,,,,,,,,,,,89.00,,,29.00,60.00
02,2020-04-21,A,,,,,,,,,,,12.00,,,,
02,2020-04-21,B,,,,,,,,,,,27.00,,,,
02,2020-04-21,C,,,,,,,,,,,18.00,,,,
02,2020-04-21,D,,,,,,,,,,,8.00,,,,
02,2020-04-21,E,,,,,,,,,,,24.00,,,,
03,2020-04-21,0,,148.00,,,,78.00,70.00,,,,,,,,
03,2020-04-21,A,,23.00,,,,,,,,,,,,,
03,2020-04-21,B,,69.00,,,,,,,,,,,,,
03,2020-04-21,C,,43.00,,,,,,,,,,,,,
03,2020-04-21,D,,8.00,,,,,,,,,,,,,
03,2020-04-21,E,,5.00,,,,,,,,,,,,,
04,2020-04-21,0,1.00,310.00,1.00,1.00,,152.00,158.00,1.00,,,,,,,
04,2020-04-21,A,,45.00,,,,,,,,,,,,,
04,2020-04-21,B,1.00,98.00,1.00,,,,,,,,,,,,
04,2020-04-21,C,,81.00,,,,,,,,,,,,,
04,2020-04-21,D,,41.00,,,,,,,,,,,,,
04,2020-04-21,E,,45.00,,,,,,,,,,,,,
06,2020-04-21,0,13.00,99.00,6.00,9.00,4.00,49.00,50.00,2.00,4.00,,,,,,
06,2020-04-21,A,,31.00,,,,,,,,,,,,,
06,2020-04-21,B,5.00,45.00,1.00,,,,,,,,,,,,
06,2020-04-21,C,6.00,15.00,3.00,,,,,,,,,,,,
06,2020-04-21,D,,5.00,,,,,,,,,,,,,
06,2020-04-21,E,2.00,3.00,2.00,,,,,,,,,,,,
07,2020-04-21,0,,9.00,,,,6.00,3.00,,,,,,,,
07,2020-04-21,A,,,,,,,,,,,,,,,
07,2020-04-21,B,,3.00,,,,,,,,,,,,,
07,2020-04-21,C,,6.00,,,,,,,,,,,,,
07,2020-04-21,D,,,,,,,,,,,,,,,
07,2020-04-21,E,,,,,,,,,,,,,,,
08,2020-04-21,0,,19.00,,,,12.00,7.00,,,,,,,,
08,2020-04-21,A,,5.00,,,,,,,,,,,,,
08,2020-04-21,B,,8.00,,,,,,,,,,,,,
08,2020-04-21,C,,4.00,,,,,,,,,,,,,
08,2020-04-21,D,,1.00,,,,,,,,,,,,,
08,2020-04-21,E,,1.00,,,,,,,,,,,,,
11,2020-04-21,0,544.00,4174.00,118.00,237.00,307.00,2190.00,1984.00,62.00,56.00,70.00,892.00,29.00,41.00,336.00,556.00
11,2020-04-21,A,5.00,607.00,1.00,,,,,,,6.00,130.00,,,,
11,2020-04-21,B,232.00,1621.00,13.00,,,,,,,32.00,322.00,,,,
11,2020-04-21,C,201.00,1044.00,36.00,,,,,,,19.00,197.00,,,,
11,2020-04-21,D,37.00,355.00,19.00,,,,,,,5.00,83.00,,,,
11,2020-04-21,E,69.00,546.00,49.00,,,,,,,8.00,156.00,,,,
24,2020-04-21,0,113.00,1091.00,15.00,29.00,84.00,511.00,579.00,4.00,11.00,10.00,192.00,3.00,7.00,77.00,115.00
24,2020-04-21,A,1.00,152.00,,,,,,,,1.00,23.00,,,,
24,2020-04-21,B,40.00,355.00,2.00,,,,,,,5.00,93.00,,,,
24,2020-04-21,C,44.00,258.00,5.00,,,,,,,1.00,30.00,,,,
24,2020-04-21,D,11.00,105.00,1.00,,,,,,,1.00,10.00,,,,
24,2020-04-21,E,17.00,221.00,7.00,,,,,,,1.00,27.00,,,,
27,2020-04-21,0,104.00,1142.00,51.00,39.00,65.00,584.00,558.00,20.00,31.00,22.00,142.00,16.00,6.00,60.00,82.00
27,2020-04-21,A,,106.00,,,,,,,,3.00,24.00,,,,
27,2020-04-21,B,27.00,367.00,7.00,,,,,,,14.00,54.00,,,,
27,2020-04-21,C,35.00,280.00,8.00,,,,,,,4.00,31.00,,,,
27,2020-04-21,D,12.00,149.00,9.00,,,,,,,1.00,13.00,,,,
27,2020-04-21,E,30.00,240.00,27.00,,,,,,,,20.00,,,,
28,2020-04-21,0,45.00,1420.00,23.00,19.00,26.00,738.00,682.00,8.00,15.00,8.00,216.00,4.00,4.00,74.00,142.00
28,2020-04-21,A,2.00,229.00,,,,,,,,,32.00,,,,
28,2020-04-21,B,21.00,450.00,12.00,,,,,,,7.00,97.00,,,,
28,2020-04-21,C,7.00,348.00,2.00,,,,,,,1.00,40.00,,,,
28,2020-04-21,D,6.00,143.00,3.00,,,,,,,,22.00,,,,
28,2020-04-21,E,9.00,250.00,6.00,,,,,,,,25.00,,,,
32,2020-04-21,0,162.00,2110.00,60.00,75.00,87.00,1067.00,1042.00,29.00,31.00,27.00,426.00,15.00,12.00,196.00,230.00
32,2020-04-21,A,5.00,329.00,,,,,,,,4.00,77.00,,,,
32,2020-04-21,B,43.00,770.00,5.00,,,,,,,19.00,215.00,,,,
32,2020-04-21,C,43.00,454.00,12.00,,,,,,,4.00,72.00,,,,
32,2020-04-21,D,37.00,224.00,24.00,,,,,,,,32.00,,,,
32,2020-04-21,E,34.00,332.00,19.00,,,,,,,,29.00,,,,
44,2020-04-21,0,122.00,1912.00,60.00,51.00,71.00,992.00,919.00,31.00,29.00,48.00,441.00,16.00,32.00,177.00,264.00
44,2020-04-21,A,2.00,280.00,1.00,,,,,,,5.00,60.00,,,,
44,2020-04-21,B,31.00,605.00,6.00,,,,,,,17.00,192.00,,,,
44,2020-04-21,C,34.00,427.00,12.00,,,,,,,18.00,95.00,,,,
44,2020-04-21,D,12.00,214.00,8.00,,,,,,,4.00,38.00,,,,
44,2020-04-21,E,43.00,386.00,33.00,,,,,,,4.00,56.00,,,,
52,2020-04-21,0,79.00,1125.00,45.00,37.00,42.00,580.00,545.00,24.00,21.00,16.00,330.00,5.00,11.00,129.00,201.00
52,2020-04-21,A,1.00,123.00,,,,,,,,2.00,51.00,,,,
52,2020-04-21,B,22.00,378.00,6.00,,,,,,,5.00,131.00,,,,
52,2020-04-21,C,18.00,248.00,10.00,,,,,,,4.00,63.00,,,,
52,2020-04-21,D,12.00,133.00,9.00,,,,,,,1.00,31.00,,,,
52,2020-04-21,E,26.00,243.00,20.00,,,,,,,4.00,54.00,,,,
53,2020-04-21,0,39.00,1288.00,31.00,15.00,24.00,669.00,619.00,13.00,18.00,7.00,230.00,3.00,4.00,98.00,132.00
53,2020-04-21,A,,206.00,,,,,,,,2.00,23.00,,,,
53,2020-04-21,B,9.00,374.00,5.00,,,,,,,3.00,100.00,,,,
53,2020-04-21,C,12.00,304.00,9.00,,,,,,,,50.00,,,,
53,2020-04-21,D,2.00,139.00,2.00,,,,,,,1.00,15.00,,,,
53,2020-04-21,E,16.00,265.00,15.00,,,,,,,1.00,42.00,,,,
75,2020-04-21,0,118.00,2339.00,60.00,57.00,61.00,1200.00,1139.00,30.00,30.00,37.00,701.00,19.00,18.00,305.00,396.00
75,2020-04-21,A,3.00,253.00,,,,,,,,1.00,111.00,,,,
75,2020-04-21,B,37.00,724.00,9.00,,,,,,,21.00,295.00,,,,
75,2020-04-21,C,33.00,559.00,14.00,,,,,,,9.00,154.00,,,,
75,2020-04-21,D,15.00,284.00,9.00,,,,,,,3.00,54.00,,,,
75,2020-04-21,E,30.00,519.00,28.00,,,,,,,3.00,86.00,,,,
76,2020-04-21,0,108.00,2246.00,50.00,51.00,57.00,1092.00,1153.00,20.00,30.00,23.00,251.00,11.00,12.00,101.00,149.00
76,2020-04-21,A,9.00,242.00,2.00,,,,,,,1.00,38.00,,,,
76,2020-04-21,B,39.00,769.00,11.00,,,,,,,14.00,118.00,,,,
76,2020-04-21,C,26.00,517.00,12.00,,,,,,,6.00,45.00,,,,
76,2020-04-21,D,8.00,260.00,4.00,,,,,,,1.00,15.00,,,,
76,2020-04-21,E,26.00,458.00,21.00,,,,,,,1.00,35.00,,,,
84,2020-04-21,0,136.00,2885.00,62.00,66.00,70.00,1457.00,1427.00,29.00,33.00,44.00,588.00,23.00,21.00,244.00,344.00
84,2020-04-21,A,3.00,412.00,,,,,,,,3.00,71.00,,,,
84,2020-04-21,B,40.00,971.00,5.00,,,,,,,22.00,248.00,,,,
84,2020-04-21,C,35.00,645.00,11.00,,,,,,,12.00,118.00,,,,
84,2020-04-21,D,18.00,318.00,10.00,,,,,,,1.00,42.00,,,,
84,2020-04-21,E,40.00,539.00,36.00,,,,,,,6.00,109.00,,,,
93,2020-04-21,0,160.00,2156.00,88.00,78.00,82.00,1114.00,1041.00,46.00,42.00,46.00,578.00,20.00,26.00,234.00,344.00
93,2020-04-21,A,1.00,248.00,,,,,,,,1.00,87.00,,,,
93,2020-04-21,B,53.00,704.00,18.00,,,,,,,21.00,200.00,,,,
93,2020-04-21,C,49.00,542.00,20.00,,,,,,,12.00,115.00,,,,
93,2020-04-21,D,22.00,228.00,18.00,,,,,,,5.00,55.00,,,,
93,2020-04-21,E,35.00,434.00,32.00,,,,,,,7.00,119.00,,,,
94,2020-04-21,0,28.00,137.00,28.00,15.00,13.00,63.00,74.00,15.00,13.00,5.00,26.00,3.00,2.00,12.00,14.00
94,2020-04-21,A,,7.00,,,,,,,,,3.00,,,,
94,2020-04-21,B,12.00,49.00,12.00,,,,,,,2.00,13.00,,,,
94,2020-04-21,C,13.00,36.00,13.00,,,,,,,,5.00,,,,
94,2020-04-21,D,1.00,21.00,1.00,,,,,,,1.00,2.00,,,,
94,2020-04-21,E,2.00,24.00,2.00,,,,,,,2.00,3.00,,,,
01,2020-04-22,0,7.00,154.00,3.00,2.00,5.00,69.00,85.00,,3.00,,,,,,
01,2020-04-22,A,,17.00,,,,,,,,,,,,,
01,2020-04-22,B,2.00,65.00,,,,,,,,,,,,,
01,2020-04-22,C,1.00,38.00,,,,,,,,,,,,,
01,2020-04-22,D,2.00,13.00,2.00,,,,,,,,,,,,
01,2020-04-22,E,2.00,21.00,1.00,,,,,,,,,,,,
02,2020-04-22,0,,,,,,,,,,3.00,100.00,2.00,1.00,37.00,63.00
02,2020-04-22,A,,,,,,,,,,,12.00,,,,
02,2020-04-22,B,,,,,,,,,,2.00,22.00,,,,
02,2020-04-22,C,,,,,,,,,,1.00,24.00,,,,
02,2020-04-22,D,,,,,,,,,,,14.00,,,,
02,2020-04-22,E,,,,,,,,,,,28.00,,,,
03,2020-04-22,0,1.00,161.00,1.00,1.00,,84.00,77.00,1.00,,,,,,,
03,2020-04-22,A,,44.00,,,,,,,,,,,,,
03,2020-04-22,B,,79.00,,,,,,,,,,,,,
03,2020-04-22,C,1.00,27.00,1.00,,,,,,,,,,,,
03,2020-04-22,D,,5.00,,,,,,,,,,,,,
03,2020-04-22,E,,6.00,,,,,,,,,,,,,
04,2020-04-22,0,1.00,307.00,1.00,,1.00,166.00,141.00,,1.00,,,,,,
04,2020-04-22,A,,42.00,,,,,,,,,,,,,
04,2020-04-22,B,1.00,110.00,1.00,,,,,,,,,,,,
04,2020-04-22,C,,78.00,,,,,,,,,,,,,
04,2020-04-22,D,,39.00,,,,,,,,,,,,,
04,2020-04-22,E,,38.00,,,,,,,,,,,,,
06,2020-04-22,0,8.00,107.00,3.00,7.00,1.00,53.00,54.00,3.00,,,,,,,
06,2020-04-22,A,,14.00,,,,,,,,,,,,,
06,2020-04-22,B,3.00,61.00,,,,,,,,,,,,,
06,2020-04-22,C,2.00,22.00,2.00,,,,,,,,,,,,
06,2020-04-22,D,2.00,6.00,1.00,,,,,,,,,,,,
06,2020-04-22,E,1.00,4.00,,,,,,,,,,,,,
07,2020-04-22,0,,12.00,,,,7.00,5.00,,,,,,,,
07,2020-04-22,A,,1.00,,,,,,,,,,,,,
07,2020-04-22,B,,4.00,,,,,,,,,,,,,
07,2020-04-22,C,,7.00,,,,,,,,,,,,,
07,2020-04-22,D,,,,,,,,,,,,,,,
07,2020-04-22,E,,,,,,,,,,,,,,,
08,2020-04-22,0,,12.00,,,,5.00,7.00,,,,,,,,
08,2020-04-22,A,,3.00,,,,,,,,,,,,,
08,2020-04-22,B,,6.00,,,,,,,,,,,,,
08,2020-04-22,C,,2.00,,,,,,,,,,,,,
08,2020-04-22,D,,1.00,,,,,,,,,,,,,
08,2020-04-22,E,,,,,,,,,,,,,,,
11,2020-04-22,0,475.00,4133.00,124.00,221.00,254.00,2148.00,1985.00,69.00,55.00,85.00,933.00,37.00,48.00,362.00,570.00
11,2020-04-22,A,8.00,609.00,2.00,,,,,,,6.00,137.00,,,,
11,2020-04-22,B,222.00,1664.00,19.00,,,,,,,38.00,321.00,,,,
11,2020-04-22,C,142.00,1000.00,30.00,,,,,,,22.00,204.00,,,,
11,2020-04-22,D,34.00,344.00,17.00,,,,,,,6.00,76.00,,,,
11,2020-04-22,E,69.00,516.00,56.00,,,,,,,13.00,189.00,,,,
24,2020-04-22,0,85.00,1037.00,14.00,32.00,53.00,543.00,494.00,6.00,8.00,10.00,162.00,6.00,4.00,71.00,91.00
24,2020-04-22,A,1.00,136.00,,,,,,,,,14.00,,,,
24,2020-04-22,B,31.00,344.00,1.00,,,,,,,7.00,83.00,,,,
24,2020-04-22,C,26.00,247.00,2.00,,,,,,,2.00,32.00,,,,
24,2020-04-22,D,11.00,114.00,3.00,,,,,,,,12.00,,,,
24,2020-04-22,E,16.00,196.00,8.00,,,,,,,1.00,20.00,,,,
27,2020-04-22,0,118.00,1192.00,63.00,47.00,71.00,618.00,574.00,25.00,38.00,14.00,159.00,6.00,8.00,72.00,87.00
27,2020-04-22,A,3.00,141.00,,,,,,,,1.00,20.00,,,,
27,2020-04-22,B,30.00,404.00,6.00,,,,,,,6.00,69.00,,,,
27,2020-04-22,C,37.00,254.00,15.00,,,,,,,5.00,32.00,,,,
27,2020-04-22,D,16.00,149.00,13.00,,,,,,,1.00,17.00,,,,
27,2020-04-22,E,32.00,244.00,29.00,,,,,,,1.00,18.00,,,,
28,2020-04-22,0,49.00,1291.00,25.00,26.00,23.00,672.00,619.00,13.00,12.00,17.00,236.00,4.00,13.00,102.00,134.00
28,2020-04-22,A,,189.00,,,,,,,,,34.00,,,,
28,2020-04-22,B,18.00,460.00,7.00,,,,,,,8.00,109.00,,,,
28,2020-04-22,C,11.00,287.00,5.00,,,,,,,4.00,46.00,,,,
28,2020-04-22,D,6.00,136.00,2.00,,,,,,,4.00,22.00,,,,
28,2020-04-22,E,14.00,219.00,11.00,,,,,,,1.00,25.00,,,,
32,2020-04-22,0,140.00,2210.00,65.00,61.00,79.00,1144.00,1066.00,33.00,32.00,25.00,412.00,8.00,17.00,187.00,225.00
32,2020-04-22,A,4.00,388.00,1.00,,,,,,,1.00,78.00,,,,
32,2020-04-22,B,42.00,766.00,8.00,,,,,,,16.00,202.00,,,,
32,2020-04-22,C,32.00,493.00,15.00,,,,,,,6.00,73.00,,,,
32,2020-04-22,D,19.00,210.00,13.00,,,,,,,,27.00,,,,
32,2020-04-22,E,43.00,353.00,28.00,,,,,,,2.00,30.00,,,,
44,2020-04-22,0,115.00,1939.00,50.00,44.00,71.00,997.00,942.00,27.00,23.00,43.00,422.00,21.00,22.00,187.00,235.00
44,2020-04-22,A,2.00,292.00,,,,,,,,1.00,56.00,,,,
44,2020-04-22,B,36.00,601.00,5.00,,,,,,,25.00,182.00,,,,
44,2020-04-22,C,34.00,451.00,9.00,,,,,,,10.00,87.00,,,,
44,2020-04-22,D,16.00,224.00,12.00,,,,,,,3.00,35.00,,,,
44,2020-04-22,E,27.00,371.00,24.00,,,,,,,4.00,56.00,,,,
52,2020-04-22,0,76.00,1169.00,50.00,34.00,42.00,616.00,553.00,25.00,25.00,19.00,337.00,13.00,6.00,162.00,175.00
52,2020-04-22,A,2.00,185.00,1.00,,,,,,,,40.00,,,,
52,2020-04-22,B,19.00,344.00,10.00,,,,,,,8.00,153.00,,,,
52,2020-04-22,C,20.00,267.00,11.00,,,,,,,3.00,52.00,,,,
52,2020-04-22,D,12.00,140.00,9.00,,,,,,,4.00,29.00,,,,
52,2020-04-22,E,23.00,233.00,19.00,,,,,,,4.00,63.00,,,,
53,2020-04-22,0,31.00,1232.00,20.00,16.00,15.00,652.00,580.00,9.00,11.00,11.00,212.00,3.00,8.00,76.00,136.00
53,2020-04-22,A,,201.00,,,,,,,,,17.00,,,,
53,2020-04-22,B,4.00,378.00,2.00,,,,,,,9.00,97.00,,,,
53,2020-04-22,C,7.00,243.00,4.00,,,,,,,1.00,38.00,,,,
53,2020-04-22,D,4.00,139.00,3.00,,,,,,,,16.00,,,,
53,2020-04-22,E,16.00,271.00,11.00,,,,,,,1.00,44.00,,,,
75,2020-04-22,0,89.00,2443.00,50.00,46.00,43.00,1215.00,1228.00,27.00,23.00,33.00,675.00,13.00,20.00,274.00,401.00
75,2020-04-22,A,1.00,268.00,1.00,,,,,,,6.00,92.00,,,,
75,2020-04-22,B,25.00,747.00,10.00,,,,,,,17.00,290.00,,,,
75,2020-04-22,C,24.00,566.00,12.00,,,,,,,4.00,140.00,,,,
75,2020-04-22,D,12.00,276.00,4.00,,,,,,,3.00,49.00,,,,
75,2020-04-22,E,27.00,586.00,23.00,,,,,,,3.00,104.00,,,,
76,2020-04-22,0,98.00,2218.00,33.00,38.00,60.00,1119.00,1099.00,17.00,16.00,26.00,268.00,9.00,17.00,110.00,158.00
76,2020-04-22,A,6.00,232.00,1.00,,,,,,,4.00,47.00,,,,
76,2020-04-22,B,40.00,741.00,8.00,,,,,,,16.00,110.00,,,,
76,2020-04-22,C,32.00,528.00,10.00,,,,,,,3.00,55.00,,,,
76,2020-04-22,D,7.00,275.00,3.00,,,,,,,2.00,23.00,,,,
76,2020-04-22,E,13.00,442.00,11.00,,,,,,,1.00,33.00,,,,
84,2020-04-22,0,137.00,3046.00,58.00,54.00,83.00,1537.00,1509.00,25.00,33.00,51.00,589.00,24.00,27.00,222.00,366.00
84,2020-04-22,A,,488.00,,,,,,,,6.00,89.00,,,,
84,2020-04-22,B,46.00,1034.00,6.00,,,,,,,22.00,240.00,,,,
84,2020-04-22,C,39.00,676.00,9.00,,,,,,,9.00,115.00,,,,
84,2020-04-22,D,17.00,286.00,12.00,,,,,,,3.00,43.00,,,,
84,2020-04-22,E,35.00,562.00,31.00,,,,,,,11.00,102.00,,,,
93,2020-04-22,0,128.00,2205.00,63.00,47.00,81.00,1105.00,1100.00,28.00,35.00,51.00,576.00,16.00,35.00,234.00,342.00
93,2020-04-22,A,,261.00,,,,,,,,9.00,84.00,,,,
93,2020-04-22,B,37.00,744.00,7.00,,,,,,,23.00,199.00,,,,
93,2020-04-22,C,44.00,525.00,15.00,,,,,,,11.00,122.00,,,,
93,2020-04-22,D,14.00,228.00,9.00,,,,,,,3.00,52.00,,,,
93,2020-04-22,E,33.00,447.00,32.00,,,,,,,5.00,118.00,,,,
94,2020-04-22,0,31.00,120.00,31.00,15.00,16.00,69.00,51.00,15.00,16.00,7.00,23.00,1.00,6.00,10.00,13.00
94,2020-04-22,A,1.00,7.00,1.00,,,,,,,,2.00,,,,
94,2020-04-22,B,14.00,49.00,14.00,,,,,,,1.00,7.00,,,,
94,2020-04-22,C,13.00,33.00,13.00,,,,,,,5.00,11.00,,,,
94,2020-04-22,D,2.00,16.00,2.00,,,,,,,,1.00,,,,
94,2020-04-22,E,1.00,15.00,1.00,,,,,,,1.00,2.00,,,,
01,2020-04-23,0,10.00,164.00,5.00,5.00,5.00,63.00,101.00,3.00,2.00,,,,,,
01,2020-04-23,A,2.00,29.00,1.00,,,,,,,,,,,,
01,2020-04-23,B,,54.00,,,,,,,,,,,,,
01,2020-04-23,C,4.00,40.00,2.00,,,,,,,,,,,,
01,2020-04-23,D,1.00,20.00,,,,,,,,,,,,,
01,2020-04-23,E,3.00,21.00,2.00,,,,,,,,,,,,
02,2020-04-23,0,,,,,,,,,,3.00,97.00,1.00,2.00,39.00,58.00
02,2020-04-23,A,,,,,,,,,,,12.00,,,,
02,2020-04-23,B,,,,,,,,,,1.00,29.00,,,,
02,2020-04-23,C,,,,,,,,,,1.00,20.00,,,,
02,2020-04-23,D,,,,,,,,,,,17.00,,,,
02,2020-04-23,E,,,,,,,,,,1.00,19.00,,,,
03,2020-04-23,0,,156.00,,,,68.00,88.00,,,,,,,,
03,2020-04-23,A,,28.00,,,,,,,,,,,,,
03,2020-04-23,B,,90.00,,,,,,,,,,,,,
03,2020-04-23,C,,22.00,,,,,,,,,,,,,
03,2020-04-23,D,,9.00,,,,,,,,,,,,,
03,2020-04-23,E,,7.00,,,,,,,,,,,,,
04,2020-04-23,0,5.00,343.00,2.00,2.00,3.00,185.00,158.00,,2.00,,,,,,
04,2020-04-23,A,,45.00,,,,,,,,,,,,,
04,2020-04-23,B,1.00,116.00,,,,,,,,,,,,,
04,2020-04-23,C,2.00,93.00,,,,,,,,,,,,,
04,2020-04-23,D,,36.00,,,,,,,,,,,,,
04,2020-04-23,E,2.00,53.00,2.00,,,,,,,,,,,,
06,2020-04-23,0,18.00,103.00,2.00,9.00,9.00,46.00,57.00,1.00,1.00,,,,,,
06,2020-04-23,A,,22.00,,,,,,,,,,,,,
06,2020-04-23,B,15.00,52.00,2.00,,,,,,,,,,,,
06,2020-04-23,C,3.00,24.00,,,,,,,,,,,,,
06,2020-04-23,D,,2.00,,,,,,,,,,,,,
06,2020-04-23,E,,3.00,,,,,,,,,,,,,
07,2020-04-23,0,1.00,11.00,,1.00,,9.00,2.00,,,,,,,,
07,2020-04-23,A,,,,,,,,,,,,,,,
07,2020-04-23,B,1.00,4.00,,,,,,,,,,,,,
07,2020-04-23,C,,6.00,,,,,,,,,,,,,
07,2020-04-23,D,,1.00,,,,,,,,,,,,,
07,2020-04-23,E,,,,,,,,,,,,,,,
08,2020-04-23,0,,11.00,,,,8.00,3.00,,,,,,,,
08,2020-04-23,A,,1.00,,,,,,,,,,,,,
08,2020-04-23,B,,7.00,,,,,,,,,,,,,
08,2020-04-23,C,,3.00,,,,,,,,,,,,,
08,2020-04-23,D,,,,,,,,,,,,,,,
08,2020-04-23,E,,,,,,,,,,,,,,,
11,2020-04-23,0,467.00,4178.00,116.00,212.00,255.00,2138.00,2039.00,63.00,53.00,59.00,829.00,24.00,35.00,340.00,489.00
11,2020-04-23,A,7.00,593.00,2.00,,,,,,,2.00,130.00,,,,
11,2020-04-23,B,215.00,1684.00,20.00,,,,,,,26.00,285.00,,,,
11,2020-04-23,C,142.00,1011.00,24.00,,,,,,,20.00,188.00,,,,
11,2020-04-23,D,39.00,331.00,20.00,,,,,,,5.00,77.00,,,,
11,2020-04-23,E,64.00,559.00,50.00,,,,,,,6.00,145.00,,,,
24,2020-04-23,0,110.00,1174.00,16.00,30.00,80.00,577.00,597.00,5.00,11.00,12.00,163.00,7.00,5.00,76.00,87.00
24,2020-04-23,A,1.00,188.00,,,,,,,,,21.00,,,,
24,2020-04-23,B,45.00,387.00,2.00,,,,,,,7.00,78.00,,,,
24,2020-04-23,C,19.00,249.00,2.00,,,,,,,3.00,31.00,,,,
24,2020-04-23,D,9.00,124.00,2.00,,,,,,,1.00,13.00,,,,
24,2020-04-23,E,36.00,226.00,10.00,,,,,,,1.00,19.00,,,,
27,2020-04-23,0,133.00,1241.00,43.00,42.00,91.00,633.00,608.00,19.00,24.00,16.00,149.00,8.00,8.00,74.00,75.00
27,2020-04-23,A,3.00,125.00,2.00,,,,,,,,20.00,,,,
27,2020-04-23,B,45.00,435.00,4.00,,,,,,,10.00,64.00,,,,
27,2020-04-23,C,41.00,293.00,4.00,,,,,,,4.00,32.00,,,,
27,2020-04-23,D,13.00,142.00,6.00,,,,,,,,10.00,,,,
27,2020-04-23,E,31.00,246.00,27.00,,,,,,,2.00,20.00,,,,
28,2020-04-23,0,53.00,1408.00,32.00,29.00,24.00,746.00,661.00,19.00,13.00,13.00,227.00,11.00,2.00,102.00,125.00
28,2020-04-23,A,4.00,234.00,1.00,,,,,,,2.00,34.00,,,,
28,2020-04-23,B,13.00,453.00,3.00,,,,,,,6.00,97.00,,,,
28,2020-04-23,C,15.00,336.00,9.00,,,,,,,4.00,42.00,,,,
28,2020-04-23,D,7.00,153.00,7.00,,,,,,,1.00,22.00,,,,
28,2020-04-23,E,14.00,232.00,12.00,,,,,,,,32.00,,,,
32,2020-04-23,0,137.00,2218.00,47.00,60.00,77.00,1114.00,1104.00,24.00,23.00,23.00,436.00,11.00,12.00,213.00,223.00
32,2020-04-23,A,4.00,366.00,1.00,,,,,,,,81.00,,,,
32,2020-04-23,B,41.00,809.00,4.00,,,,,,,17.00,213.00,,,,
32,2020-04-23,C,39.00,503.00,11.00,,,,,,,3.00,77.00,,,,
32,2020-04-23,D,17.00,216.00,10.00,,,,,,,2.00,32.00,,,,
32,2020-04-23,E,36.00,324.00,21.00,,,,,,,1.00,32.00,,,,
44,2020-04-23,0,113.00,1958.00,50.00,47.00,66.00,985.00,971.00,23.00,27.00,36.00,402.00,21.00,15.00,163.00,238.00
44,2020-04-23,A,,277.00,,,,,,,,3.00,52.00,,,,
44,2020-04-23,B,24.00,609.00,3.00,,,,,,,26.00,185.00,,,,
44,2020-04-23,C,44.00,462.00,16.00,,,,,,,3.00,66.00,,,,
44,2020-04-23,D,16.00,227.00,9.00,,,,,,,2.00,40.00,,,,
44,2020-04-23,E,29.00,383.00,22.00,,,,,,,2.00,59.00,,,,
52,2020-04-23,0,90.00,1183.00,51.00,37.00,53.00,585.00,598.00,23.00,28.00,12.00,293.00,6.00,5.00,132.00,160.00
52,2020-04-23,A,2.00,211.00,,,,,,,,,48.00,,,,
52,2020-04-23,B,25.00,353.00,13.00,,,,,,,2.00,104.00,,,,
52,2020-04-23,C,27.00,238.00,9.00,,,,,,,5.00,67.00,,,,
52,2020-04-23,D,13.00,129.00,9.00,,,,,,,2.00,25.00,,,,
52,2020-04-23,E,23.00,252.00,20.00,,,,,,,3.00,49.00,,,,
53,2020-04-23,0,47.00,1310.00,32.00,19.00,28.00,669.00,641.00,11.00,21.00,7.00,183.00,3.00,4.00,84.00,99.00
53,2020-04-23,A,,214.00,,,,,,,,,23.00,,,,
53,2020-04-23,B,9.00,378.00,3.00,,,,,,,3.00,76.00,,,,
53,2020-04-23,C,10.00,282.00,6.00,,,,,,,1.00,36.00,,,,
53,2020-04-23,D,10.00,159.00,8.00,,,,,,,1.00,19.00,,,,
53,2020-04-23,E,18.00,277.00,15.00,,,,,,,2.00,29.00,,,,
75,2020-04-23,0,112.00,2520.00,45.00,44.00,68.00,1296.00,1224.00,21.00,24.00,40.00,675.00,15.00,25.00,276.00,399.00
75,2020-04-23,A,1.00,300.00,,,,,,,,4.00,104.00,,,,
75,2020-04-23,B,36.00,789.00,3.00,,,,,,,22.00,288.00,,,,
75,2020-04-23,C,25.00,600.00,6.00,,,,,,,5.00,126.00,,,,
75,2020-04-23,D,17.00,282.00,10.00,,,,,,,2.00,53.00,,,,
75,2020-04-23,E,33.00,549.00,26.00,,,,,,,7.00,103.00,,,,
76,2020-04-23,0,102.00,2306.00,28.00,39.00,63.00,1148.00,1158.00,16.00,12.00,19.00,251.00,9.00,10.00,94.00,157.00
76,2020-04-23,A,8.00,281.00,,,,,,,,2.00,47.00,,,,
76,2020-04-23,B,42.00,778.00,2.00,,,,,,,12.00,120.00,,,,
76,2020-04-23,C,26.00,540.00,4.00,,,,,,,4.00,45.00,,,,
76,2020-04-23,D,8.00,245.00,5.00,,,,,,,1.00,14.00,,,,
76,2020-04-23,E,18.00,462.00,17.00,,,,,,,,25.00,,,,
84,2020-04-23,0,159.00,3060.00,56.00,70.00,89.00,1586.00,1474.00,32.00,24.00,43.00,560.00,14.00,29.00,231.00,328.00
84,2020-04-23,A,3.00,473.00,,,,,,,,1.00,86.00,,,,
84,2020-04-23,B,61.00,1055.00,4.00,,,,,,,20.00,210.00,,,,
84,2020-04-23,C,40.00,686.00,8.00,,,,,,,9.00,101.00,,,,
84,2020-04-23,D,14.00,304.00,8.00,,,,,,,4.00,46.00,,,,
84,2020-04-23,E,41.00,542.00,36.00,,,,,,,9.00,117.00,,,,
93,2020-04-23,0,127.00,2376.00,59.00,52.00,75.00,1224.00,1152.00,32.00,27.00,36.00,526.00,16.00,20.00,207.00,319.00
93,2020-04-23,A,,330.00,,,,,,,,1.00,68.00,,,,
93,2020-04-23,B,48.00,729.00,10.00,,,,,,,17.00,205.00,,,,
93,2020-04-23,C,29.00,570.00,9.00,,,,,,,8.00,99.00,,,,
93,2020-04-23,D,13.00,262.00,10.00,,,,,,,5.00,47.00,,,,
93,2020-04-23,E,37.00,485.00,30.00,,,,,,,5.00,105.00,,,,
94,2020-04-23,0,61.00,186.00,61.00,32.00,29.00,93.00,93.00,32.00,29.00,3.00,21.00,1.00,2.00,8.00,13.00
94,2020-04-23,A,5.00,17.00,5.00,,,,,,,,1.00,,,,
94,2020-04-23,B,19.00,64.00,19.00,,,,,,,3.00,11.00,,,,
94,2020-04-23,C,16.00,37.00,16.00,,,,,,,,5.00,,,,
94,2020-04-23,D,4.00,20.00,4.00,,,,,,,,1.00,,,,
94,2020-04-23,E,17.00,48.00,17.00,,,,,,,,3.00,,,,
01,2020-04-24,0,4.00,158.00,1.00,2.00,2.00,70.00,88.00,,1.00,,,,,,
01,2020-04-24,A,,17.00,,,,,,,,,,,,,
01,2020-04-24,B,2.00,67.00,1.00,,,,,,,,,,,,
01,2020-04-24,C,1.00,42.00,,,,,,,,,,,,,
01,2020-04-24,D,,11.00,,,,,,,,,,,,,
01,2020-04-24,E,1.00,21.00,,,,,,,,,,,,,
02,2020-04-24,0,,,,,,,,,,5.00,76.00,1.00,4.00,30.00,46.00
02,2020-04-24,A,,,,,,,,,,2.00,8.00,,,,
02,2020-04-24,B,,,,,,,,,,2.00,24.00,,,,
02,2020-04-24,C,,,,,,,,,,1.00,20.00,,,,
02,2020-04-24,D,,,,,,,,,,,9.00,,,,
02,2020-04-24,E,,,,,,,,,,,15.00,,,,
03,2020-04-24,0,2.00,166.00,1.00,1.00,1.00,87.00,79.00,,1.00,,,,,,
03,2020-04-24,A,,30.00,,,,,,,,,,,,,
03,2020-04-24,B,1.00,85.00,,,,,,,,,,,,,
03,2020-04-24,C,1.00,39.00,1.00,,,,,,,,,,,,
03,2020-04-24,D,,5.00,,,,,,,,,,,,,
03,2020-04-24,E,,7.00,,,,,,,,,,,,,
04,2020-04-24,0,1.00,292.00,,1.00,,159.00,133.00,,,,,,,,
04,2020-04-24,A,,47.00,,,,,,,,,,,,,
04,2020-04-24,B,1.00,97.00,,,,,,,,,,,,,
04,2020-04-24,C,,81.00,,,,,,,,,,,,,
04,2020-04-24,D,,29.00,,,,,,,,,,,,,
04,2020-04-24,E,,38.00,,,,,,,,,,,,,
06,2020-04-24,0,13.00,102.00,2.00,7.00,6.00,52.00,50.00,1.00,1.00,,,,,,
06,2020-04-24,A,,23.00,,,,,,,,,,,,,
06,2020-04-24,B,7.00,45.00,1.00,,,,,,,,,,,,
06,2020-04-24,C,5.00,29.00,1.00,,,,,,,,,,,,
06,2020-04-24,D,1.00,2.00,,,,,,,,,,,,,
06,2020-04-24,E,,3.00,,,,,,,,,,,,,
07,2020-04-24,0,,24.00,,,,18.00,6.00,,,,,,,,
07,2020-04-24,A,,1.00,,,,,,,,,,,,,
07,2020-04-24,B,,10.00,,,,,,,,,,,,,
07,2020-04-24,C,,7.00,,,,,,,,,,,,,
07,2020-04-24,D,,4.00,,,,,,,,,,,,,
07,2020-04-24,E,,2.00,,,,,,,,,,,,,
08,2020-04-24,0,,8.00,,,,6.00,2.00,,,,,,,,
08,2020-04-24,A,,2.00,,,,,,,,,,,,,
08,2020-04-24,B,,2.00,,,,,,,,,,,,,
08,2020-04-24,C,,4.00,,,,,,,,,,,,,
08,2020-04-24,D,,,,,,,,,,,,,,,
08,2020-04-24,E,,,,,,,,,,,,,,,
11,2020-04-24,0,519.00,4411.00,126.00,223.00,296.00,2234.00,2176.00,58.00,68.00,57.00,836.00,21.00,36.00,361.00,475.00
11,2020-04-24,A,10.00,633.00,3.00,,,,,,,6.00,155.00,,,,
11,2020-04-24,B,187.00,1714.00,14.00,,,,,,,36.00,290.00,,,,
11,2020-04-24,C,155.00,1093.00,32.00,,,,,,,10.00,175.00,,,,
11,2020-04-24,D,46.00,384.00,23.00,,,,,,,2.00,72.00,,,,
11,2020-04-24,E,121.00,587.00,54.00,,,,,,,3.00,138.00,,,,
24,2020-04-24,0,65.00,1078.00,12.00,27.00,38.00,519.00,559.00,7.00,5.00,10.00,174.00,1.00,9.00,72.00,102.00
24,2020-04-24,A,1.00,154.00,1.00,,,,,,,,25.00,,,,
24,2020-04-24,B,27.00,346.00,1.00,,,,,,,6.00,88.00,,,,
24,2020-04-24,C,13.00,239.00,3.00,,,,,,,2.00,35.00,,,,
24,2020-04-24,D,6.00,119.00,2.00,,,,,,,1.00,9.00,,,,
24,2020-04-24,E,18.00,220.00,5.00,,,,,,,1.00,17.00,,,,
27,2020-04-24,0,133.00,1320.00,62.00,53.00,80.00,690.00,630.00,34.00,28.00,13.00,148.00,6.00,7.00,61.00,87.00
27,2020-04-24,A,,154.00,,,,,,,,,21.00,,,,
27,2020-04-24,B,47.00,409.00,6.00,,,,,,,7.00,62.00,,,,
27,2020-04-24,C,29.00,316.00,8.00,,,,,,,3.00,34.00,,,,
27,2020-04-24,D,18.00,153.00,15.00,,,,,,,1.00,13.00,,,,
27,2020-04-24,E,39.00,288.00,33.00,,,,,,,2.00,18.00,,,,
28,2020-04-24,0,45.00,1463.00,24.00,20.00,25.00,746.00,717.00,9.00,15.00,18.00,238.00,6.00,12.00,93.00,145.00
28,2020-04-24,A,1.00,233.00,,,,,,,,,48.00,,,,
28,2020-04-24,B,17.00,440.00,7.00,,,,,,,11.00,105.00,,,,
28,2020-04-24,C,13.00,333.00,8.00,,,,,,,4.00,34.00,,,,
28,2020-04-24,D,9.00,168.00,6.00,,,,,,,3.00,17.00,,,,
28,2020-04-24,E,5.00,289.00,3.00,,,,,,,,33.00,,,,
32,2020-04-24,0,132.00,2280.00,40.00,65.00,67.00,1152.00,1128.00,23.00,17.00,34.00,402.00,16.00,18.00,181.00,221.00
32,2020-04-24,A,6.00,390.00,2.00,,,,,,,4.00,72.00,,,,
32,2020-04-24,B,34.00,819.00,4.00,,,,,,,20.00,199.00,,,,
32,2020-04-24,C,40.00,484.00,11.00,,,,,,,4.00,72.00,,,,
32,2020-04-24,D,19.00,232.00,5.00,,,,,,,5.00,24.00,,,,
32,2020-04-24,E,33.00,355.00,18.00,,,,,,,1.00,32.00,,,,
44,2020-04-24,0,130.00,2060.00,78.00,59.00,71.00,1046.00,1013.00,40.00,38.00,27.00,429.00,11.00,16.00,172.00,256.00
44,2020-04-24,A,1.00,298.00,,,,,,,,1.00,75.00,,,,
44,2020-04-24,B,33.00,654.00,11.00,,,,,,,16.00,156.00,,,,
44,2020-04-24,C,38.00,464.00,17.00,,,,,,,5.00,101.00,,,,
44,2020-04-24,D,13.00,228.00,10.00,,,,,,,2.00,27.00,,,,
44,2020-04-24,E,45.00,416.00,40.00,,,,,,,3.00,65.00,,,,
52,2020-04-24,0,75.00,1332.00,44.00,27.00,48.00,685.00,647.00,17.00,27.00,21.00,331.00,7.00,14.00,135.00,196.00
52,2020-04-24,A,3.00,264.00,,,,,,,,2.00,58.00,,,,
52,2020-04-24,B,19.00,359.00,4.00,,,,,,,9.00,121.00,,,,
52,2020-04-24,C,14.00,290.00,6.00,,,,,,,6.00,72.00,,,,
52,2020-04-24,D,10.00,142.00,6.00,,,,,,,,20.00,,,,
52,2020-04-24,E,29.00,277.00,28.00,,,,,,,4.00,60.00,,,,
53,2020-04-24,0,32.00,1287.00,22.00,13.00,19.00,632.00,655.00,6.00,16.00,10.00,180.00,6.00,4.00,75.00,105.00
53,2020-04-24,A,,220.00,,,,,,,,2.00,23.00,,,,
53,2020-04-24,B,7.00,383.00,3.00,,,,,,,7.00,70.00,,,,
53,2020-04-24,C,5.00,246.00,3.00,,,,,,,,33.00,,,,
53,2020-04-24,D,4.00,152.00,2.00,,,,,,,,15.00,,,,
53,2020-04-24,E,16.00,286.00,14.00,,,,,,,1.00,39.00,,,,
75,2020-04-24,0,90.00,2577.00,53.00,50.00,40.00,1363.00,1214.00,34.00,19.00,32.00,717.00,11.00,21.00,307.00,410.00
75,2020-04-24,A,3.00,310.00,2.00,,,,,,,2.00,94.00,,,,
75,2020-04-24,B,25.00,784.00,7.00,,,,,,,17.00,308.00,,,,
75,2020-04-24,C,19.00,586.00,9.00,,,,,,,8.00,154.00,,,,
75,2020-04-24,D,17.00,319.00,13.00,,,,,,,3.00,58.00,,,,
75,2020-04-24,E,26.00,578.00,22.00,,,,,,,2.00,103.00,,,,
76,2020-04-24,0,90.00,2533.00,29.00,36.00,54.00,1259.00,1274.00,15.00,14.00,15.00,233.00,5.00,10.00,81.00,152.00
76,2020-04-24,A,10.00,300.00,2.00,,,,,,,,36.00,,,,
76,2020-04-24,B,41.00,847.00,3.00,,,,,,,6.00,99.00,,,,
76,2020-04-24,C,20.00,610.00,7.00,,,,,,,6.00,45.00,,,,
76,2020-04-24,D,8.00,301.00,6.00,,,,,,,2.00,23.00,,,,
76,2020-04-24,E,11.00,475.00,11.00,,,,,,,1.00,30.00,,,,
84,2020-04-24,0,122.00,3122.00,56.00,47.00,75.00,1566.00,1556.00,18.00,38.00,51.00,602.00,23.00,28.00,255.00,347.00
84,2020-04-24,A,3.00,442.00,1.00,,,,,,,2.00,81.00,,,,
84,2020-04-24,B,40.00,1055.00,4.00,,,,,,,26.00,239.00,,,,
84,2020-04-24,C,23.00,694.00,2.00,,,,,,,7.00,103.00,,,,
84,2020-04-24,D,8.00,326.00,7.00,,,,,,,6.00,54.00,,,,
84,2020-04-24,E,48.00,605.00,42.00,,,,,,,10.00,124.00,,,,
93,2020-04-24,0,126.00,2444.00,55.00,52.00,74.00,1259.00,1185.00,27.00,28.00,41.00,596.00,21.00,20.00,243.00,353.00
93,2020-04-24,A,,317.00,,,,,,,,3.00,96.00,,,,
93,2020-04-24,B,44.00,824.00,7.00,,,,,,,17.00,202.00,,,,
93,2020-04-24,C,36.00,537.00,10.00,,,,,,,9.00,131.00,,,,
93,2020-04-24,D,20.00,278.00,14.00,,,,,,,7.00,51.00,,,,
93,2020-04-24,E,26.00,488.00,24.00,,,,,,,5.00,115.00,,,,
94,2020-04-24,0,30.00,157.00,29.00,11.00,19.00,83.00,74.00,10.00,19.00,3.00,25.00,2.00,1.00,16.00,9.00
94,2020-04-24,A,,15.00,,,,,,,,,7.00,,,,
94,2020-04-24,B,11.00,58.00,11.00,,,,,,,2.00,8.00,,,,
94,2020-04-24,C,14.00,40.00,13.00,,,,,,,,6.00,,,,
94,2020-04-24,D,3.00,18.00,3.00,,,,,,,,1.00,,,,
94,2020-04-24,E,2.00,26.00,2.00,,,,,,,1.00,3.00,,,,
01,2020-04-25,0,2.00,179.00,,1.00,1.00,75.00,104.00,,,,,,,,
01,2020-04-25,A,1.00,26.00,,,,,,,,,,,,,
01,2020-04-25,B,1.00,74.00,,,,,,,,,,,,,
01,2020-04-25,C,,41.00,,,,,,,,,,,,,
01,2020-04-25,D,,18.00,,,,,,,,,,,,,
01,2020-04-25,E,,20.00,,,,,,,,,,,,,
02,2020-04-25,0,,,,,,,,,,2.00,83.00,1.00,1.00,34.00,49.00
02,2020-04-25,A,,,,,,,,,,,5.00,,,,
02,2020-04-25,B,,,,,,,,,,1.00,28.00,,,,
02,2020-04-25,C,,,,,,,,,,1.00,18.00,,,,
02,2020-04-25,D,,,,,,,,,,,12.00,,,,
02,2020-04-25,E,,,,,,,,,,,20.00,,,,
03,2020-04-25,0,2.00,132.00,2.00,1.00,1.00,71.00,61.00,1.00,1.00,,,,,,
03,2020-04-25,A,,27.00,,,,,,,,,,,,,
03,2020-04-25,B,,67.00,,,,,,,,,,,,,
03,2020-04-25,C,1.00,30.00,1.00,,,,,,,,,,,,
03,2020-04-25,D,1.00,3.00,1.00,,,,,,,,,,,,
03,2020-04-25,E,,5.00,,,,,,,,,,,,,
04,2020-04-25,0,1.00,326.00,,1.00,,168.00,158.00,,,,,,,,
04,2020-04-25,A,,35.00,,,,,,,,,,,,,
04,2020-04-25,B,1.00,124.00,,,,,,,,,,,,,
04,2020-04-25,C,,90.00,,,,,,,,,,,,,
04,2020-04-25,D,,29.00,,,,,,,,,,,,,
04,2020-04-25,E,,48.00,,,,,,,,,,,,,
06,2020-04-25,0,16.00,100.00,1.00,8.00,8.00,52.00,48.00,,1.00,,,,,,
06,2020-04-25,A,,24.00,,,,,,,,,,,,,
06,2020-04-25,B,12.00,51.00,,,,,,,,,,,,,
06,2020-04-25,C,4.00,18.00,1.00,,,,,,,,,,,,
06,2020-04-25,D,,6.00,,,,,,,,,,,,,
06,2020-04-25,E,,1.00,,,,,,,,,,,,,
07,2020-04-25,0,,15.00,,,,8.00,7.00,,,,,,,,
07,2020-04-25,A,,2.00,,,,,,,,,,,,,
07,2020-04-25,B,,3.00,,,,,,,,,,,,,
07,2020-04-25,C,,6.00,,,,,,,,,,,,,
07,2020-04-25,D,,2.00,,,,,,,,,,,,,
07,2020-04-25,E,,2.00,,,,,,,,,,,,,
08,2020-04-25,0,,21.00,,,,10.00,11.00,,,,,,,,
08,2020-04-25,A,,4.00,,,,,,,,,,,,,
08,2020-04-25,B,,9.00,,,,,,,,,,,,,
08,2020-04-25,C,,7.00,,,,,,,,,,,,,
08,2020-04-25,D,,1.00,,,,,,,,,,,,,
08,2020-04-25,E,,,,,,,,,,,,,,,
11,2020-04-25,0,307.00,4211.00,85.00,172.00,135.00,2269.00,1940.00,39.00,46.00,76.00,1106.00,33.00,43.00,446.00,656.00
11,2020-04-25,A,2.00,698.00,1.00,,,,,,,10.00,185.00,,,,
11,2020-04-25,B,129.00,1636.00,13.00,,,,,,,35.00,418.00,,,,
11,2020-04-25,C,101.00,984.00,24.00,,,,,,,15.00,228.00,,,,
11,2020-04-25,D,33.00,346.00,16.00,,,,,,,7.00,71.00,,,,
11,2020-04-25,E,42.00,546.00,31.00,,,,,,,8.00,193.00,,,,
24,2020-04-25,0,40.00,988.00,8.00,16.00,24.00,507.00,481.00,6.00,2.00,8.00,254.00,4.00,4.00,102.00,152.00
24,2020-04-25,A,,160.00,,,,,,,,1.00,37.00,,,,
24,2020-04-25,B,17.00,335.00,,,,,,,,6.00,120.00,,,,
24,2020-04-25,C,12.00,215.00,2.00,,,,,,,1.00,47.00,,,,
24,2020-04-25,D,3.00,102.00,1.00,,,,,,,,18.00,,,,
24,2020-04-25,E,8.00,176.00,5.00,,,,,,,,31.00,,,,
27,2020-04-25,0,79.00,1231.00,37.00,33.00,46.00,615.00,616.00,20.00,17.00,23.00,214.00,12.00,11.00,95.00,119.00
27,2020-04-25,A,8.00,157.00,3.00,,,,,,,1.00,43.00,,,,
27,2020-04-25,B,19.00,408.00,5.00,,,,,,,11.00,87.00,,,,
27,2020-04-25,C,21.00,301.00,7.00,,,,,,,8.00,46.00,,,,
27,2020-04-25,D,5.00,133.00,2.00,,,,,,,2.00,14.00,,,,
27,2020-04-25,E,26.00,232.00,20.00,,,,,,,1.00,24.00,,,,
28,2020-04-25,0,34.00,1473.00,20.00,15.00,19.00,774.00,698.00,10.00,10.00,15.00,397.00,6.00,9.00,167.00,230.00
28,2020-04-25,A,1.00,246.00,,,,,,,,,82.00,,,,
28,2020-04-25,B,12.00,525.00,5.00,,,,,,,9.00,150.00,,,,
28,2020-04-25,C,6.00,306.00,5.00,,,,,,,3.00,84.00,,,,
28,2020-04-25,D,4.00,157.00,3.00,,,,,,,1.00,28.00,,,,
28,2020-04-25,E,11.00,239.00,7.00,,,,,,,2.00,53.00,,,,
32,2020-04-25,0,88.00,2219.00,34.00,40.00,48.00,1162.00,1057.00,16.00,18.00,33.00,604.00,13.00,20.00,250.00,354.00
32,2020-04-25,A,2.00,416.00,2.00,,,,,,,2.00,143.00,,,,
32,2020-04-25,B,29.00,828.00,5.00,,,,,,,21.00,266.00,,,,
32,2020-04-25,C,21.00,480.00,7.00,,,,,,,5.00,107.00,,,,
32,2020-04-25,D,14.00,197.00,9.00,,,,,,,,31.00,,,,
32,2020-04-25,E,22.00,298.00,11.00,,,,,,,4.00,55.00,,,,
44,2020-04-25,0,101.00,2135.00,55.00,49.00,52.00,1098.00,1035.00,27.00,28.00,34.00,613.00,12.00,22.00,264.00,348.00
44,2020-04-25,A,1.00,372.00,1.00,,,,,,,4.00,130.00,,,,
44,2020-04-25,B,32.00,695.00,8.00,,,,,,,17.00,219.00,,,,
44,2020-04-25,C,32.00,481.00,12.00,,,,,,,6.00,118.00,,,,
44,2020-04-25,D,11.00,212.00,10.00,,,,,,,3.00,49.00,,,,
44,2020-04-25,E,25.00,375.00,24.00,,,,,,,4.00,97.00,,,,
52,2020-04-25,0,56.00,1259.00,30.00,25.00,31.00,681.00,578.00,16.00,14.00,16.00,449.00,9.00,7.00,177.00,272.00
52,2020-04-25,A,1.00,208.00,,,,,,,,1.00,98.00,,,,
52,2020-04-25,B,15.00,423.00,3.00,,,,,,,12.00,169.00,,,,
52,2020-04-25,C,14.00,288.00,5.00,,,,,,,2.00,69.00,,,,
52,2020-04-25,D,6.00,140.00,4.00,,,,,,,,40.00,,,,
52,2020-04-25,E,20.00,200.00,18.00,,,,,,,1.00,73.00,,,,
53,2020-04-25,0,34.00,1306.00,22.00,18.00,16.00,667.00,639.00,12.00,10.00,6.00,300.00,2.00,4.00,144.00,156.00
53,2020-04-25,A,,223.00,,,,,,,,,40.00,,,,
53,2020-04-25,B,12.00,431.00,5.00,,,,,,,3.00,116.00,,,,
53,2020-04-25,C,4.00,258.00,1.00,,,,,,,1.00,61.00,,,,
53,2020-04-25,D,5.00,154.00,4.00,,,,,,,2.00,34.00,,,,
53,2020-04-25,E,13.00,240.00,12.00,,,,,,,,49.00,,,,
75,2020-04-25,0,75.00,2490.00,50.00,37.00,38.00,1319.00,1170.00,27.00,23.00,55.00,1058.00,25.00,30.00,423.00,635.00
75,2020-04-25,A,1.00,353.00,1.00,,,,,,,2.00,164.00,,,,
75,2020-04-25,B,15.00,751.00,6.00,,,,,,,26.00,415.00,,,,
75,2020-04-25,C,26.00,561.00,14.00,,,,,,,14.00,215.00,,,,
75,2020-04-25,D,15.00,295.00,13.00,,,,,,,4.00,87.00,,,,
75,2020-04-25,E,18.00,530.00,16.00,,,,,,,9.00,176.00,,,,
76,2020-04-25,0,56.00,2593.00,21.00,23.00,33.00,1362.00,1231.00,6.00,15.00,19.00,424.00,8.00,11.00,177.00,247.00
76,2020-04-25,A,5.00,367.00,1.00,,,,,,,2.00,82.00,,,,
76,2020-04-25,B,14.00,925.00,4.00,,,,,,,9.00,167.00,,,,
76,2020-04-25,C,20.00,585.00,3.00,,,,,,,7.00,76.00,,,,
76,2020-04-25,D,5.00,256.00,3.00,,,,,,,,40.00,,,,
76,2020-04-25,E,12.00,460.00,10.00,,,,,,,1.00,58.00,,,,
84,2020-04-25,0,107.00,2987.00,43.00,50.00,57.00,1544.00,1443.00,25.00,18.00,63.00,867.00,19.00,43.00,348.00,513.00
84,2020-04-25,A,2.00,462.00,,,,,,,,5.00,133.00,,,,
84,2020-04-25,B,36.00,1141.00,6.00,,,,,,,31.00,338.00,,,,
84,2020-04-25,C,29.00,682.00,7.00,,,,,,,15.00,166.00,,,,
84,2020-04-25,D,12.00,255.00,8.00,,,,,,,,48.00,,,,
84,2020-04-25,E,28.00,447.00,22.00,,,,,,,12.00,182.00,,,,
93,2020-04-25,0,85.00,2431.00,50.00,42.00,43.00,1251.00,1180.00,30.00,20.00,42.00,792.00,17.00,25.00,328.00,464.00
93,2020-04-25,A,1.00,354.00,,,,,,,,7.00,131.00,,,,
93,2020-04-25,B,27.00,847.00,11.00,,,,,,,17.00,271.00,,,,
93,2020-04-25,C,23.00,541.00,11.00,,,,,,,10.00,172.00,,,,
93,2020-04-25,D,16.00,256.00,11.00,,,,,,,5.00,77.00,,,,
93,2020-04-25,E,18.00,433.00,17.00,,,,,,,3.00,140.00,,,,
94,2020-04-25,0,4.00,134.00,3.00,2.00,2.00,73.00,61.00,2.00,1.00,4.00,40.00,2.00,2.00,15.00,21.00
94,2020-04-25,A,,17.00,,,,,,,,,11.00,,,,
94,2020-04-25,B,2.00,46.00,1.00,,,,,,,2.00,13.00,,,,
94,2020-04-25,C,2.00,42.00,2.00,,,,,,,1.00,9.00,,,,
94,2020-04-25,D,,11.00,,,,,,,,1.00,2.00,,,,
94,2020-04-25,E,,18.00,,,,,,,,,5.00,,,,
01,2020-04-26,0,3.00,129.00,,,3.00,59.00,70.00,,,,,,,,
01,2020-04-26,A,,22.00,,,,,,,,,,,,,
01,2020-04-26,B,1.00,55.00,,,,,,,,,,,,,
01,2020-04-26,C,1.00,34.00,,,,,,,,,,,,,
01,2020-04-26,D,1.00,5.00,,,,,,,,,,,,,
01,2020-04-26,E,,13.00,,,,,,,,,,,,,
02,2020-04-26,0,,,,,,,,,,,57.00,,,23.00,34.00
02,2020-04-26,A,,,,,,,,,,,12.00,,,,
02,2020-04-26,B,,,,,,,,,,,17.00,,,,
02,2020-04-26,C,,,,,,,,,,,12.00,,,,
02,2020-04-26,D,,,,,,,,,,,7.00,,,,
02,2020-04-26,E,,,,,,,,,,,9.00,,,,
03,2020-04-26,0,,87.00,,,,44.00,43.00,,,,,,,,
03,2020-04-26,A,,18.00,,,,,,,,,,,,,
03,2020-04-26,B,,44.00,,,,,,,,,,,,,
03,2020-04-26,C,,17.00,,,,,,,,,,,,,
03,2020-04-26,D,,3.00,,,,,,,,,,,,,
03,2020-04-26,E,,5.00,,,,,,,,,,,,,
04,2020-04-26,0,2.00,319.00,2.00,1.00,1.00,178.00,141.00,1.00,1.00,,,,,,
04,2020-04-26,A,,57.00,,,,,,,,,,,,,
04,2020-04-26,B,1.00,120.00,1.00,,,,,,,,,,,,
04,2020-04-26,C,,88.00,,,,,,,,,,,,,
04,2020-04-26,D,,24.00,,,,,,,,,,,,,
04,2020-04-26,E,1.00,30.00,1.00,,,,,,,,,,,,
06,2020-04-26,0,8.00,88.00,4.00,2.00,6.00,43.00,45.00,1.00,3.00,,,,,,
06,2020-04-26,A,,29.00,,,,,,,,,,,,,
06,2020-04-26,B,6.00,39.00,2.00,,,,,,,,,,,,
06,2020-04-26,C,2.00,14.00,2.00,,,,,,,,,,,,
06,2020-04-26,D,,2.00,,,,,,,,,,,,,
06,2020-04-26,E,,4.00,,,,,,,,,,,,,
07,2020-04-26,0,,13.00,,,,10.00,3.00,,,,,,,,
07,2020-04-26,A,,,,,,,,,,,,,,,
07,2020-04-26,B,,8.00,,,,,,,,,,,,,
07,2020-04-26,C,,4.00,,,,,,,,,,,,,
07,2020-04-26,D,,,,,,,,,,,,,,,
07,2020-04-26,E,,1.00,,,,,,,,,,,,,
08,2020-04-26,0,,9.00,,,,2.00,7.00,,,,,,,,
08,2020-04-26,A,,3.00,,,,,,,,,,,,,
08,2020-04-26,B,,3.00,,,,,,,,,,,,,
08,2020-04-26,C,,1.00,,,,,,,,,,,,,
08,2020-04-26,D,,1.00,,,,,,,,,,,,,
08,2020-04-26,E,,1.00,,,,,,,,,,,,,
11,2020-04-26,0,194.00,3601.00,62.00,91.00,103.00,1860.00,1739.00,27.00,35.00,64.00,1081.00,29.00,35.00,436.00,643.00
11,2020-04-26,A,7.00,606.00,1.00,,,,,,,7.00,186.00,,,,
11,2020-04-26,B,81.00,1506.00,7.00,,,,,,,32.00,406.00,,,,
11,2020-04-26,C,57.00,825.00,16.00,,,,,,,13.00,222.00,,,,
11,2020-04-26,D,15.00,250.00,9.00,,,,,,,4.00,96.00,,,,
11,2020-04-26,E,34.00,414.00,29.00,,,,,,,8.00,161.00,,,,
24,2020-04-26,0,39.00,906.00,20.00,18.00,21.00,478.00,428.00,10.00,10.00,4.00,190.00,,4.00,81.00,109.00
24,2020-04-26,A,1.00,150.00,,,,,,,,,26.00,,,,
24,2020-04-26,B,9.00,321.00,2.00,,,,,,,3.00,94.00,,,,
24,2020-04-26,C,9.00,207.00,4.00,,,,,,,1.00,41.00,,,,
24,2020-04-26,D,5.00,57.00,3.00,,,,,,,,10.00,,,,
24,2020-04-26,E,15.00,171.00,11.00,,,,,,,,18.00,,,,
27,2020-04-26,0,55.00,1163.00,29.00,26.00,29.00,593.00,569.00,18.00,11.00,7.00,182.00,,7.00,76.00,106.00
27,2020-04-26,A,1.00,165.00,,,,,,,,,28.00,,,,
27,2020-04-26,B,12.00,375.00,1.00,,,,,,,5.00,82.00,,,,
27,2020-04-26,C,15.00,279.00,5.00,,,,,,,1.00,45.00,,,,
27,2020-04-26,D,4.00,123.00,2.00,,,,,,,,9.00,,,,
27,2020-04-26,E,23.00,221.00,21.00,,,,,,,1.00,18.00,,,,
28,2020-04-26,0,24.00,1121.00,12.00,12.00,12.00,594.00,525.00,6.00,6.00,23.00,335.00,7.00,16.00,143.00,192.00
28,2020-04-26,A,1.00,210.00,,,,,,,,,61.00,,,,
28,2020-04-26,B,4.00,387.00,1.00,,,,,,,8.00,142.00,,,,
28,2020-04-26,C,5.00,244.00,2.00,,,,,,,10.00,71.00,,,,
28,2020-04-26,D,6.00,114.00,4.00,,,,,,,2.00,18.00,,,,
28,2020-04-26,E,8.00,166.00,5.00,,,,,,,3.00,43.00,,,,
32,2020-04-26,0,62.00,1950.00,28.00,25.00,37.00,1004.00,946.00,14.00,14.00,25.00,430.00,9.00,14.00,178.00,246.00
32,2020-04-26,A,1.00,371.00,1.00,,,,,,,3.00,105.00,,,,
32,2020-04-26,B,18.00,737.00,2.00,,,,,,,15.00,191.00,,,,
32,2020-04-26,C,14.00,419.00,5.00,,,,,,,6.00,70.00,,,,
32,2020-04-26,D,8.00,158.00,3.00,,,,,,,1.00,28.00,,,,
32,2020-04-26,E,21.00,265.00,17.00,,,,,,,,35.00,,,,
44,2020-04-26,0,66.00,1818.00,48.00,32.00,34.00,929.00,889.00,26.00,22.00,37.00,596.00,18.00,19.00,270.00,326.00
44,2020-04-26,A,2.00,287.00,2.00,,,,,,,2.00,101.00,,,,
44,2020-04-26,B,18.00,663.00,7.00,,,,,,,20.00,215.00,,,,
44,2020-04-26,C,16.00,392.00,13.00,,,,,,,7.00,117.00,,,,
44,2020-04-26,D,10.00,182.00,9.00,,,,,,,4.00,65.00,,,,
44,2020-04-26,E,20.00,294.00,17.00,,,,,,,4.00,93.00,,,,
52,2020-04-26,0,39.00,1040.00,30.00,18.00,21.00,556.00,484.00,15.00,15.00,18.00,436.00,7.00,11.00,187.00,249.00
52,2020-04-26,A,,210.00,,,,,,,,1.00,82.00,,,,
52,2020-04-26,B,9.00,347.00,5.00,,,,,,,15.00,167.00,,,,
52,2020-04-26,C,7.00,221.00,5.00,,,,,,,,79.00,,,,
52,2020-04-26,D,4.00,88.00,3.00,,,,,,,2.00,38.00,,,,
52,2020-04-26,E,19.00,174.00,17.00,,,,,,,,70.00,,,,
53,2020-04-26,0,26.00,1093.00,19.00,14.00,12.00,577.00,516.00,10.00,9.00,7.00,270.00,6.00,1.00,104.00,166.00
53,2020-04-26,A,,221.00,,,,,,,,1.00,40.00,,,,
53,2020-04-26,B,8.00,380.00,4.00,,,,,,,5.00,111.00,,,,
53,2020-04-26,C,4.00,202.00,3.00,,,,,,,1.00,55.00,,,,
53,2020-04-26,D,2.00,102.00,2.00,,,,,,,,16.00,,,,
53,2020-04-26,E,12.00,188.00,10.00,,,,,,,,48.00,,,,
75,2020-04-26,0,65.00,2140.00,46.00,32.00,33.00,1100.00,1040.00,23.00,23.00,47.00,961.00,24.00,23.00,372.00,588.00
75,2020-04-26,A,1.00,306.00,1.00,,,,,,,4.00,169.00,,,,
75,2020-04-26,B,17.00,740.00,7.00,,,,,,,29.00,386.00,,,,
75,2020-04-26,C,13.00,466.00,9.00,,,,,,,9.00,190.00,,,,
75,2020-04-26,D,3.00,205.00,3.00,,,,,,,2.00,75.00,,,,
75,2020-04-26,E,31.00,423.00,26.00,,,,,,,3.00,141.00,,,,
76,2020-04-26,0,43.00,2203.00,26.00,23.00,20.00,1140.00,1063.00,15.00,11.00,18.00,409.00,4.00,14.00,168.00,239.00
76,2020-04-26,A,3.00,337.00,,,,,,,,3.00,76.00,,,,
76,2020-04-26,B,12.00,801.00,8.00,,,,,,,8.00,181.00,,,,
76,2020-04-26,C,11.00,465.00,5.00,,,,,,,4.00,64.00,,,,
76,2020-04-26,D,5.00,209.00,4.00,,,,,,,,28.00,,,,
76,2020-04-26,E,12.00,391.00,9.00,,,,,,,3.00,60.00,,,,
84,2020-04-26,0,80.00,2624.00,43.00,40.00,40.00,1346.00,1278.00,25.00,18.00,49.00,766.00,21.00,28.00,334.00,432.00
84,2020-04-26,A,1.00,478.00,,,,,,,,2.00,98.00,,,,
84,2020-04-26,B,25.00,956.00,3.00,,,,,,,24.00,289.00,,,,
84,2020-04-26,C,20.00,536.00,12.00,,,,,,,8.00,149.00,,,,
84,2020-04-26,D,8.00,214.00,7.00,,,,,,,3.00,51.00,,,,
84,2020-04-26,E,26.00,440.00,21.00,,,,,,,12.00,178.00,,,,
93,2020-04-26,0,59.00,2199.00,43.00,28.00,31.00,1139.00,1060.00,22.00,21.00,40.00,700.00,15.00,25.00,263.00,437.00
93,2020-04-26,A,,344.00,,,,,,,,4.00,110.00,,,,
93,2020-04-26,B,15.00,765.00,5.00,,,,,,,23.00,260.00,,,,
93,2020-04-26,C,17.00,497.00,13.00,,,,,,,8.00,133.00,,,,
93,2020-04-26,D,3.00,199.00,1.00,,,,,,,2.00,62.00,,,,
93,2020-04-26,E,24.00,394.00,24.00,,,,,,,3.00,135.00,,,,
94,2020-04-26,0,3.00,128.00,3.00,1.00,2.00,67.00,61.00,1.00,2.00,4.00,27.00,2.00,2.00,15.00,11.00
94,2020-04-26,A,,17.00,,,,,,,,1.00,7.00,,,,
94,2020-04-26,B,,40.00,,,,,,,,2.00,8.00,,,,
94,2020-04-26,C,,35.00,,,,,,,,,4.00,,,,
94,2020-04-26,D,2.00,17.00,2.00,,,,,,,,4.00,,,,
94,2020-04-26,E,1.00,19.00,1.00,,,,,,,1.00,4.00,,,,
01,2020-04-27,0,3.00,187.00,1.00,1.00,2.00,71.00,116.00,1.00,,,,,,,
01,2020-04-27,A,2.00,25.00,,,,,,,,,,,,,
01,2020-04-27,B,,69.00,,,,,,,,,,,,,
01,2020-04-27,C,,49.00,,,,,,,,,,,,,
01,2020-04-27,D,,23.00,,,,,,,,,,,,,
01,2020-04-27,E,1.00,21.00,1.00,,,,,,,,,,,,
02,2020-04-27,0,,,,,,,,,,2.00,94.00,1.00,1.00,35.00,59.00
02,2020-04-27,A,,,,,,,,,,1.00,14.00,,,,
02,2020-04-27,B,,,,,,,,,,1.00,25.00,,,,
02,2020-04-27,C,,,,,,,,,,,19.00,,,,
02,2020-04-27,D,,,,,,,,,,,7.00,,,,
02,2020-04-27,E,,,,,,,,,,,29.00,,,,
03,2020-04-27,0,,169.00,,,,99.00,70.00,,,,,,,,
03,2020-04-27,A,,36.00,,,,,,,,,,,,,
03,2020-04-27,B,,74.00,,,,,,,,,,,,,
03,2020-04-27,C,,38.00,,,,,,,,,,,,,
03,2020-04-27,D,,14.00,,,,,,,,,,,,,
03,2020-04-27,E,,7.00,,,,,,,,,,,,,
04,2020-04-27,0,1.00,344.00,1.00,1.00,,163.00,181.00,1.00,,,,,,,
04,2020-04-27,A,,40.00,,,,,,,,,,,,,
04,2020-04-27,B,1.00,117.00,1.00,,,,,,,,,,,,
04,2020-04-27,C,,103.00,,,,,,,,,,,,,
04,2020-04-27,D,,34.00,,,,,,,,,,,,,
04,2020-04-27,E,,50.00,,,,,,,,,,,,,
06,2020-04-27,0,25.00,130.00,4.00,10.00,15.00,71.00,59.00,1.00,3.00,,,,,,
06,2020-04-27,A,2.00,37.00,,,,,,,,,,,,,
06,2020-04-27,B,12.00,60.00,2.00,,,,,,,,,,,,
06,2020-04-27,C,8.00,24.00,1.00,,,,,,,,,,,,
06,2020-04-27,D,1.00,5.00,1.00,,,,,,,,,,,,
06,2020-04-27,E,2.00,4.00,,,,,,,,,,,,,
07,2020-04-27,0,1.00,21.00,1.00,,1.00,14.00,7.00,,1.00,,,,,,
07,2020-04-27,A,,1.00,,,,,,,,,,,,,
07,2020-04-27,B,1.00,9.00,1.00,,,,,,,,,,,,
07,2020-04-27,C,,7.00,,,,,,,,,,,,,
07,2020-04-27,D,,1.00,,,,,,,,,,,,,
07,2020-04-27,E,,3.00,,,,,,,,,,,,,
08,2020-04-27,0,,14.00,,,,6.00,8.00,,,,,,,,
08,2020-04-27,A,,3.00,,,,,,,,,,,,,
08,2020-04-27,B,,7.00,,,,,,,,,,,,,
08,2020-04-27,C,,3.00,,,,,,,,,,,,,
08,2020-04-27,D,,1.00,,,,,,,,,,,,,
08,2020-04-27,E,,,,,,,,,,,,,,,
11,2020-04-27,0,407.00,4545.00,105.00,192.00,215.00,2441.00,2101.00,54.00,51.00,61.00,896.00,26.00,35.00,391.00,505.00
11,2020-04-27,A,4.00,647.00,1.00,,,,,,,9.00,142.00,,,,
11,2020-04-27,B,178.00,1759.00,7.00,,,,,,,24.00,311.00,,,,
11,2020-04-27,C,114.00,1138.00,18.00,,,,,,,16.00,204.00,,,,
11,2020-04-27,D,45.00,402.00,26.00,,,,,,,8.00,94.00,,,,
11,2020-04-27,E,66.00,598.00,53.00,,,,,,,4.00,142.00,,,,
24,2020-04-27,0,51.00,1186.00,21.00,23.00,28.00,599.00,587.00,11.00,10.00,13.00,198.00,8.00,5.00,93.00,105.00
24,2020-04-27,A,,139.00,,,,,,,,1.00,16.00,,,,
24,2020-04-27,B,12.00,406.00,,,,,,,,8.00,110.00,,,,
24,2020-04-27,C,13.00,296.00,4.00,,,,,,,4.00,43.00,,,,
24,2020-04-27,D,4.00,129.00,3.00,,,,,,,,12.00,,,,
24,2020-04-27,E,22.00,216.00,14.00,,,,,,,,16.00,,,,
27,2020-04-27,0,99.00,1286.00,51.00,42.00,57.00,681.00,605.00,23.00,28.00,13.00,162.00,10.00,3.00,81.00,78.00
27,2020-04-27,A,2.00,128.00,,,,,,,,,13.00,,,,
27,2020-04-27,B,26.00,415.00,4.00,,,,,,,10.00,84.00,,,,
27,2020-04-27,C,29.00,305.00,10.00,,,,,,,2.00,32.00,,,,
27,2020-04-27,D,12.00,153.00,8.00,,,,,,,1.00,12.00,,,,
27,2020-04-27,E,30.00,285.00,29.00,,,,,,,,19.00,,,,
28,2020-04-27,0,47.00,1475.00,20.00,19.00,28.00,751.00,723.00,8.00,12.00,8.00,239.00,5.00,3.00,104.00,135.00
28,2020-04-27,A,,214.00,,,,,,,,,33.00,,,,
28,2020-04-27,B,12.00,453.00,1.00,,,,,,,4.00,100.00,,,,
28,2020-04-27,C,17.00,325.00,6.00,,,,,,,3.00,46.00,,,,
28,2020-04-27,D,4.00,175.00,2.00,,,,,,,,24.00,,,,
28,2020-04-27,E,14.00,308.00,11.00,,,,,,,1.00,36.00,,,,
32,2020-04-27,0,95.00,2271.00,39.00,44.00,51.00,1191.00,1080.00,22.00,17.00,14.00,489.00,7.00,7.00,236.00,253.00
32,2020-04-27,A,8.00,320.00,2.00,,,,,,,1.00,70.00,,,,
32,2020-04-27,B,28.00,809.00,5.00,,,,,,,8.00,249.00,,,,
32,2020-04-27,C,26.00,530.00,10.00,,,,,,,2.00,96.00,,,,
32,2020-04-27,D,16.00,259.00,11.00,,,,,,,3.00,30.00,,,,
32,2020-04-27,E,17.00,352.00,11.00,,,,,,,,41.00,,,,
44,2020-04-27,0,116.00,2117.00,54.00,54.00,62.00,1103.00,1014.00,29.00,25.00,25.00,423.00,13.00,12.00,190.00,233.00
44,2020-04-27,A,,320.00,,,,,,,,,64.00,,,,
44,2020-04-27,B,36.00,648.00,4.00,,,,,,,16.00,190.00,,,,
44,2020-04-27,C,35.00,513.00,12.00,,,,,,,6.00,72.00,,,,
44,2020-04-27,D,18.00,239.00,15.00,,,,,,,1.00,35.00,,,,
44,2020-04-27,E,27.00,397.00,23.00,,,,,,,2.00,62.00,,,,
52,2020-04-27,0,81.00,1327.00,49.00,35.00,46.00,716.00,611.00,24.00,25.00,13.00,325.00,7.00,6.00,135.00,189.00
52,2020-04-27,A,1.00,192.00,,,,,,,,,53.00,,,,
52,2020-04-27,B,21.00,416.00,8.00,,,,,,,7.00,129.00,,,,
52,2020-04-27,C,27.00,297.00,12.00,,,,,,,3.00,54.00,,,,
52,2020-04-27,D,7.00,167.00,5.00,,,,,,,,27.00,,,,
52,2020-04-27,E,25.00,255.00,24.00,,,,,,,3.00,62.00,,,,
53,2020-04-27,0,42.00,1282.00,32.00,18.00,24.00,656.00,626.00,14.00,18.00,5.00,220.00,5.00,,104.00,116.00
53,2020-04-27,A,,184.00,,,,,,,,,33.00,,,,
53,2020-04-27,B,12.00,381.00,7.00,,,,,,,5.00,100.00,,,,
53,2020-04-27,C,5.00,293.00,4.00,,,,,,,,45.00,,,,
53,2020-04-27,D,4.00,135.00,3.00,,,,,,,,21.00,,,,
53,2020-04-27,E,21.00,289.00,18.00,,,,,,,,21.00,,,,
75,2020-04-27,0,79.00,2608.00,39.00,42.00,37.00,1341.00,1267.00,22.00,17.00,35.00,744.00,11.00,24.00,290.00,454.00
75,2020-04-27,A,2.00,307.00,1.00,,,,,,,2.00,112.00,,,,
75,2020-04-27,B,25.00,814.00,7.00,,,,,,,20.00,309.00,,,,
75,2020-04-27,C,22.00,584.00,6.00,,,,,,,7.00,152.00,,,,
75,2020-04-27,D,11.00,295.00,8.00,,,,,,,2.00,64.00,,,,
75,2020-04-27,E,19.00,607.00,17.00,,,,,,,4.00,107.00,,,,
76,2020-04-27,0,60.00,2503.00,32.00,25.00,35.00,1270.00,1233.00,18.00,14.00,18.00,243.00,7.00,11.00,86.00,157.00
76,2020-04-27,A,6.00,279.00,3.00,,,,,,,,42.00,,,,
76,2020-04-27,B,10.00,859.00,4.00,,,,,,,9.00,110.00,,,,
76,2020-04-27,C,20.00,586.00,4.00,,,,,,,7.00,46.00,,,,
76,2020-04-27,D,7.00,296.00,5.00,,,,,,,,17.00,,,,
76,2020-04-27,E,17.00,483.00,16.00,,,,,,,2.00,27.00,,,,
84,2020-04-27,0,128.00,3144.00,54.00,59.00,69.00,1608.00,1536.00,33.00,21.00,34.00,646.00,12.00,21.00,280.00,365.00
84,2020-04-27,A,1.00,444.00,,,,,,,,2.00,76.00,,,,
84,2020-04-27,B,41.00,1066.00,6.00,,,,,,,20.00,265.00,,,,
84,2020-04-27,C,37.00,713.00,12.00,,,,,,,5.00,117.00,,,,
84,2020-04-27,D,23.00,355.00,15.00,,,,,,,2.00,59.00,,,,
84,2020-04-27,E,26.00,566.00,21.00,,,,,,,5.00,128.00,,,,
93,2020-04-27,0,96.00,2392.00,52.00,50.00,46.00,1249.00,1143.00,31.00,21.00,47.00,573.00,21.00,26.00,220.00,353.00
93,2020-04-27,A,,305.00,,,,,,,,7.00,98.00,,,,
93,2020-04-27,B,38.00,764.00,12.00,,,,,,,21.00,197.00,,,,
93,2020-04-27,C,24.00,541.00,12.00,,,,,,,10.00,119.00,,,,
93,2020-04-27,D,9.00,285.00,8.00,,,,,,,3.00,47.00,,,,
93,2020-04-27,E,25.00,497.00,20.00,,,,,,,6.00,112.00,,,,
94,2020-04-27,0,20.00,151.00,20.00,11.00,9.00,78.00,73.00,11.00,9.00,3.00,28.00,,3.00,11.00,14.00
94,2020-04-27,A,,6.00,,,,,,,,1.00,6.00,,,,
94,2020-04-27,B,7.00,51.00,7.00,,,,,,,1.00,12.00,,,,
94,2020-04-27,C,8.00,49.00,8.00,,,,,,,1.00,4.00,,,,
94,2020-04-27,D,1.00,18.00,1.00,,,,,,,,3.00,,,,
94,2020-04-27,E,4.00,27.00,4.00,,,,,,,,3.00,,,,
01,2020-04-28,0,1.00,180.00,,1.00,,67.00,113.00,,,,,,,,
01,2020-04-28,A,,24.00,,,,,,,,,,,,,
01,2020-04-28,B,1.00,66.00,,,,,,,,,,,,,
01,2020-04-28,C,,44.00,,,,,,,,,,,,,
01,2020-04-28,D,,25.00,,,,,,,,,,,,,
01,2020-04-28,E,,21.00,,,,,,,,,,,,,
02,2020-04-28,0,,,,,,,,,,2.00,73.00,,2.00,29.00,44.00
02,2020-04-28,A,,,,,,,,,,,9.00,,,,
02,2020-04-28,B,,,,,,,,,,1.00,24.00,,,,
02,2020-04-28,C,,,,,,,,,,1.00,21.00,,,,
02,2020-04-28,D,,,,,,,,,,,6.00,,,,
02,2020-04-28,E,,,,,,,,,,,13.00,,,,
03,2020-04-28,0,3.00,145.00,,1.00,2.00,79.00,66.00,,,,,,,,
03,2020-04-28,A,,38.00,,,,,,,,,,,,,
03,2020-04-28,B,2.00,69.00,,,,,,,,,,,,,
03,2020-04-28,C,1.00,29.00,,,,,,,,,,,,,
03,2020-04-28,D,,6.00,,,,,,,,,,,,,
03,2020-04-28,E,,3.00,,,,,,,,,,,,,
04,2020-04-28,0,2.00,311.00,2.00,1.00,1.00,155.00,156.00,1.00,1.00,,,,,,
04,2020-04-28,A,1.00,39.00,1.00,,,,,,,,,,,,
04,2020-04-28,B,,118.00,,,,,,,,,,,,,
04,2020-04-28,C,,71.00,,,,,,,,,,,,,
04,2020-04-28,D,,39.00,,,,,,,,,,,,,
04,2020-04-28,E,1.00,44.00,1.00,,,,,,,,,,,,
06,2020-04-28,0,24.00,136.00,1.00,7.00,17.00,75.00,61.00,1.00,,,,,,,
06,2020-04-28,A,2.00,31.00,,,,,,,,,,,,,
06,2020-04-28,B,18.00,66.00,,,,,,,,,,,,,
06,2020-04-28,C,3.00,30.00,,,,,,,,,,,,,
06,2020-04-28,D,1.00,6.00,1.00,,,,,,,,,,,,
06,2020-04-28,E,,3.00,,,,,,,,,,,,,
07,2020-04-28,0,1.00,11.00,,1.00,,10.00,1.00,,,,,,,,
07,2020-04-28,A,,,,,,,,,,,,,,,
07,2020-04-28,B,,5.00,,,,,,,,,,,,,
07,2020-04-28,C,1.00,5.00,,,,,,,,,,,,,
07,2020-04-28,D,,,,,,,,,,,,,,,
07,2020-04-28,E,,1.00,,,,,,,,,,,,,
08,2020-04-28,0,,18.00,,,,12.00,6.00,,,,,,,,
08,2020-04-28,A,,,,,,,,,,,,,,,
08,2020-04-28,B,,13.00,,,,,,,,,,,,,
08,2020-04-28,C,,4.00,,,,,,,,,,,,,
08,2020-04-28,D,,1.00,,,,,,,,,,,,,
08,2020-04-28,E,,,,,,,,,,,,,,,
11,2020-04-28,0,505.00,4315.00,87.00,258.00,244.00,2266.00,2045.00,45.00,42.00,57.00,793.00,23.00,34.00,308.00,485.00
11,2020-04-28,A,4.00,593.00,,,,,,,,1.00,119.00,,,,
11,2020-04-28,B,238.00,1774.00,12.00,,,,,,,31.00,282.00,,,,
11,2020-04-28,C,125.00,1016.00,22.00,,,,,,,14.00,174.00,,,,
11,2020-04-28,D,45.00,360.00,12.00,,,,,,,7.00,78.00,,,,
11,2020-04-28,E,93.00,572.00,41.00,,,,,,,2.00,136.00,,,,
24,2020-04-28,0,45.00,996.00,8.00,23.00,22.00,497.00,499.00,6.00,2.00,12.00,150.00,6.00,6.00,59.00,91.00
24,2020-04-28,A,,137.00,,,,,,,,1.00,23.00,,,,
24,2020-04-28,B,11.00,313.00,,,,,,,,7.00,83.00,,,,
24,2020-04-28,C,13.00,220.00,1.00,,,,,,,2.00,20.00,,,,
24,2020-04-28,D,5.00,102.00,3.00,,,,,,,2.00,10.00,,,,
24,2020-04-28,E,16.00,224.00,4.00,,,,,,,,12.00,,,,
27,2020-04-28,0,162.00,1222.00,42.00,50.00,112.00,604.00,618.00,22.00,20.00,9.00,178.00,5.00,4.00,73.00,105.00
27,2020-04-28,A,1.00,94.00,,,,,,,,,22.00,,,,
27,2020-04-28,B,63.00,444.00,2.00,,,,,,,6.00,77.00,,,,
27,2020-04-28,C,60.00,300.00,11.00,,,,,,,2.00,40.00,,,,
27,2020-04-28,D,15.00,143.00,8.00,,,,,,,1.00,18.00,,,,
27,2020-04-28,E,23.00,241.00,21.00,,,,,,,,21.00,,,,
28,2020-04-28,0,62.00,1403.00,19.00,45.00,17.00,746.00,657.00,14.00,5.00,11.00,218.00,8.00,3.00,88.00,130.00
28,2020-04-28,A,1.00,176.00,,,,,,,,,27.00,,,,
28,2020-04-28,B,14.00,460.00,4.00,,,,,,,9.00,107.00,,,,
28,2020-04-28,C,23.00,341.00,3.00,,,,,,,2.00,42.00,,,,
28,2020-04-28,D,8.00,163.00,3.00,,,,,,,,19.00,,,,
28,2020-04-28,E,16.00,263.00,9.00,,,,,,,,23.00,,,,
32,2020-04-28,0,119.00,2190.00,35.00,49.00,70.00,1086.00,1104.00,16.00,19.00,20.00,425.00,10.00,10.00,205.00,220.00
32,2020-04-28,A,1.00,301.00,,,,,,,,,82.00,,,,
32,2020-04-28,B,41.00,788.00,2.00,,,,,,,14.00,224.00,,,,
32,2020-04-28,C,40.00,488.00,16.00,,,,,,,5.00,65.00,,,,
32,2020-04-28,D,14.00,225.00,4.00,,,,,,,,24.00,,,,
32,2020-04-28,E,23.00,388.00,13.00,,,,,,,1.00,28.00,,,,
44,2020-04-28,0,124.00,2017.00,68.00,59.00,65.00,1003.00,1014.00,32.00,36.00,27.00,394.00,9.00,18.00,173.00,219.00
44,2020-04-28,A,8.00,278.00,3.00,,,,,,,,59.00,,,,
44,2020-04-28,B,29.00,647.00,3.00,,,,,,,14.00,151.00,,,,
44,2020-04-28,C,33.00,455.00,16.00,,,,,,,3.00,82.00,,,,
44,2020-04-28,D,10.00,210.00,8.00,,,,,,,6.00,42.00,,,,
44,2020-04-28,E,44.00,427.00,38.00,,,,,,,4.00,53.00,,,,
52,2020-04-28,0,64.00,1123.00,45.00,39.00,25.00,622.00,501.00,29.00,16.00,11.00,261.00,5.00,6.00,113.00,147.00
52,2020-04-28,A,,151.00,,,,,,,,1.00,40.00,,,,
52,2020-04-28,B,17.00,377.00,5.00,,,,,,,7.00,101.00,,,,
52,2020-04-28,C,17.00,245.00,13.00,,,,,,,2.00,54.00,,,,
52,2020-04-28,D,7.00,130.00,7.00,,,,,,,,16.00,,,,
52,2020-04-28,E,23.00,220.00,20.00,,,,,,,1.00,50.00,,,,
53,2020-04-28,0,37.00,1179.00,29.00,15.00,22.00,602.00,577.00,13.00,16.00,1.00,194.00,,1.00,83.00,111.00
53,2020-04-28,A,,171.00,,,,,,,,,28.00,,,,
53,2020-04-28,B,6.00,380.00,5.00,,,,,,,,70.00,,,,
53,2020-04-28,C,9.00,250.00,5.00,,,,,,,,39.00,,,,
53,2020-04-28,D,3.00,124.00,2.00,,,,,,,1.00,15.00,,,,
53,2020-04-28,E,19.00,254.00,17.00,,,,,,,,42.00,,,,
75,2020-04-28,0,71.00,2331.00,30.00,33.00,38.00,1180.00,1150.00,15.00,15.00,23.00,645.00,6.00,17.00,273.00,372.00
75,2020-04-28,A,2.00,259.00,,,,,,,,2.00,111.00,,,,
75,2020-04-28,B,24.00,724.00,3.00,,,,,,,14.00,275.00,,,,
75,2020-04-28,C,18.00,535.00,7.00,,,,,,,5.00,137.00,,,,
75,2020-04-28,D,11.00,310.00,9.00,,,,,,,,43.00,,,,
75,2020-04-28,E,16.00,503.00,11.00,,,,,,,2.00,79.00,,,,
76,2020-04-28,0,95.00,2289.00,24.00,38.00,57.00,1179.00,1110.00,14.00,10.00,18.00,232.00,6.00,12.00,104.00,128.00
76,2020-04-28,A,8.00,266.00,2.00,,,,,,,3.00,30.00,,,,
76,2020-04-28,B,44.00,768.00,5.00,,,,,,,11.00,104.00,,,,
76,2020-04-28,C,22.00,550.00,4.00,,,,,,,3.00,57.00,,,,
76,2020-04-28,D,6.00,246.00,1.00,,,,,,,,15.00,,,,
76,2020-04-28,E,15.00,459.00,12.00,,,,,,,1.00,26.00,,,,
84,2020-04-28,0,108.00,2757.00,47.00,50.00,58.00,1391.00,1366.00,26.00,21.00,29.00,556.00,15.00,14.00,245.00,310.00
84,2020-04-28,A,,378.00,,,,,,,,4.00,53.00,,,,
84,2020-04-28,B,32.00,1012.00,5.00,,,,,,,14.00,242.00,,,,
84,2020-04-28,C,35.00,637.00,8.00,,,,,,,3.00,106.00,,,,
84,2020-04-28,D,12.00,245.00,10.00,,,,,,,3.00,44.00,,,,
84,2020-04-28,E,29.00,485.00,24.00,,,,,,,5.00,111.00,,,,
93,2020-04-28,0,80.00,2376.00,47.00,46.00,34.00,1249.00,1127.00,27.00,20.00,30.00,570.00,20.00,10.00,222.00,348.00
93,2020-04-28,A,,311.00,,,,,,,,8.00,95.00,,,,
93,2020-04-28,B,22.00,814.00,2.00,,,,,,,12.00,191.00,,,,
93,2020-04-28,C,21.00,532.00,12.00,,,,,,,6.00,125.00,,,,
93,2020-04-28,D,11.00,257.00,10.00,,,,,,,1.00,54.00,,,,
93,2020-04-28,E,26.00,462.00,23.00,,,,,,,3.00,105.00,,,,
94,2020-04-28,0,31.00,146.00,31.00,14.00,17.00,68.00,78.00,14.00,17.00,2.00,55.00,1.00,1.00,15.00,25.00
94,2020-04-28,A,,8.00,,,,,,,,,11.00,,,,
94,2020-04-28,B,21.00,72.00,21.00,,,,,,,2.00,30.00,,,,
94,2020-04-28,C,3.00,33.00,3.00,,,,,,,,6.00,,,,
94,2020-04-28,D,5.00,14.00,5.00,,,,,,,,5.00,,,,
94,2020-04-28,E,2.00,19.00,2.00,,,,,,,,3.00,,,,
01,2020-04-29,0,3.00,169.00,1.00,,3.00,77.00,92.00,,1.00,,,,,,
01,2020-04-29,A,,24.00,,,,,,,,,,,,,
01,2020-04-29,B,1.00,72.00,,,,,,,,,,,,,
01,2020-04-29,C,2.00,39.00,1.00,,,,,,,,,,,,
01,2020-04-29,D,,18.00,,,,,,,,,,,,,
01,2020-04-29,E,,16.00,,,,,,,,,,,,,
02,2020-04-29,0,,,,,,,,,,,82.00,,,35.00,47.00
02,2020-04-29,A,,,,,,,,,,,7.00,,,,
02,2020-04-29,B,,,,,,,,,,,24.00,,,,
02,2020-04-29,C,,,,,,,,,,,22.00,,,,
02,2020-04-29,D,,,,,,,,,,,12.00,,,,
02,2020-04-29,E,,,,,,,,,,,17.00,,,,
03,2020-04-29,0,1.00,129.00,1.00,,1.00,62.00,67.00,,1.00,,,,,,
03,2020-04-29,A,,17.00,,,,,,,,,,,,,
03,2020-04-29,B,,63.00,,,,,,,,,,,,,
03,2020-04-29,C,1.00,38.00,1.00,,,,,,,,,,,,
03,2020-04-29,D,,6.00,,,,,,,,,,,,,
03,2020-04-29,E,,5.00,,,,,,,,,,,,,
04,2020-04-29,0,1.00,304.00,1.00,,1.00,170.00,134.00,,1.00,,,,,,
04,2020-04-29,A,,50.00,,,,,,,,,,,,,
04,2020-04-29,B,1.00,114.00,1.00,,,,,,,,,,,,
04,2020-04-29,C,,62.00,,,,,,,,,,,,,
04,2020-04-29,D,,33.00,,,,,,,,,,,,,
04,2020-04-29,E,,45.00,,,,,,,,,,,,,
06,2020-04-29,0,36.00,121.00,4.00,21.00,15.00,65.00,56.00,,4.00,,,,,,
06,2020-04-29,A,,25.00,,,,,,,,,,,,,
06,2020-04-29,B,23.00,65.00,2.00,,,,,,,,,,,,
06,2020-04-29,C,11.00,24.00,2.00,,,,,,,,,,,,
06,2020-04-29,D,1.00,5.00,,,,,,,,,,,,,
06,2020-04-29,E,1.00,2.00,,,,,,,,,,,,,
07,2020-04-29,0,,19.00,,,,15.00,4.00,,,,,,,,
07,2020-04-29,A,,3.00,,,,,,,,,,,,,
07,2020-04-29,B,,8.00,,,,,,,,,,,,,
07,2020-04-29,C,,4.00,,,,,,,,,,,,,
07,2020-04-29,D,,1.00,,,,,,,,,,,,,
07,2020-04-29,E,,3.00,,,,,,,,,,,,,
08,2020-04-29,0,,19.00,,,,13.00,6.00,,,,,,,,
08,2020-04-29,A,,2.00,,,,,,,,,,,,,
08,2020-04-29,B,,7.00,,,,,,,,,,,,,
08,2020-04-29,C,,4.00,,,,,,,,,,,,,
08,2020-04-29,D,,3.00,,,,,,,,,,,,,
08,2020-04-29,E,,3.00,,,,,,,,,,,,,
11,2020-04-29,0,558.00,4180.00,88.00,220.00,336.00,2105.00,2072.00,43.00,45.00,56.00,904.00,28.00,28.00,362.00,542.00
11,2020-04-29,A,14.00,599.00,3.00,,,,,,,3.00,150.00,,,,
11,2020-04-29,B,208.00,1633.00,11.00,,,,,,,29.00,303.00,,,,
11,2020-04-29,C,153.00,997.00,25.00,,,,,,,12.00,203.00,,,,
11,2020-04-29,D,45.00,352.00,19.00,,,,,,,4.00,85.00,,,,
11,2020-04-29,E,138.00,599.00,30.00,,,,,,,6.00,160.00,,,,
24,2020-04-29,0,60.00,997.00,17.00,30.00,30.00,518.00,479.00,11.00,6.00,15.00,186.00,4.00,11.00,81.00,105.00
24,2020-04-29,A,,154.00,,,,,,,,,17.00,,,,
24,2020-04-29,B,15.00,314.00,3.00,,,,,,,11.00,106.00,,,,
24,2020-04-29,C,15.00,203.00,5.00,,,,,,,2.00,34.00,,,,
24,2020-04-29,D,8.00,106.00,3.00,,,,,,,1.00,8.00,,,,
24,2020-04-29,E,22.00,220.00,6.00,,,,,,,1.00,19.00,,,,
27,2020-04-29,0,101.00,1169.00,40.00,42.00,59.00,605.00,564.00,18.00,22.00,17.00,149.00,7.00,10.00,66.00,83.00
27,2020-04-29,A,1.00,144.00,,,,,,,,1.00,28.00,,,,
27,2020-04-29,B,31.00,362.00,3.00,,,,,,,9.00,55.00,,,,
27,2020-04-29,C,33.00,280.00,7.00,,,,,,,6.00,36.00,,,,
27,2020-04-29,D,6.00,139.00,3.00,,,,,,,,9.00,,,,
27,2020-04-29,E,30.00,244.00,27.00,,,,,,,1.00,21.00,,,,
28,2020-04-29,0,37.00,1354.00,24.00,17.00,20.00,703.00,650.00,11.00,13.00,5.00,257.00,1.00,4.00,101.00,156.00
28,2020-04-29,A,1.00,190.00,,,,,,,,,41.00,,,,
28,2020-04-29,B,9.00,443.00,4.00,,,,,,,3.00,117.00,,,,
28,2020-04-29,C,11.00,305.00,6.00,,,,,,,1.00,38.00,,,,
28,2020-04-29,D,4.00,181.00,3.00,,,,,,,,18.00,,,,
28,2020-04-29,E,12.00,235.00,11.00,,,,,,,1.00,43.00,,,,
32,2020-04-29,0,103.00,2115.00,32.00,50.00,53.00,1082.00,1033.00,19.00,13.00,20.00,420.00,8.00,12.00,188.00,232.00
32,2020-04-29,A,6.00,319.00,,,,,,,,3.00,90.00,,,,
32,2020-04-29,B,30.00,788.00,4.00,,,,,,,13.00,208.00,,,,
32,2020-04-29,C,30.00,466.00,7.00,,,,,,,4.00,81.00,,,,
32,2020-04-29,D,15.00,216.00,7.00,,,,,,,,18.00,,,,
32,2020-04-29,E,22.00,326.00,14.00,,,,,,,,20.00,,,,
44,2020-04-29,0,106.00,1936.00,60.00,50.00,56.00,991.00,945.00,31.00,29.00,26.00,417.00,12.00,14.00,197.00,219.00
44,2020-04-29,A,3.00,303.00,1.00,,,,,,,1.00,68.00,,,,
44,2020-04-29,B,24.00,604.00,6.00,,,,,,,14.00,177.00,,,,
44,2020-04-29,C,29.00,436.00,16.00,,,,,,,8.00,80.00,,,,
44,2020-04-29,D,16.00,229.00,12.00,,,,,,,2.00,37.00,,,,
44,2020-04-29,E,34.00,364.00,25.00,,,,,,,1.00,53.00,,,,
52,2020-04-29,0,64.00,1089.00,38.00,28.00,36.00,589.00,500.00,22.00,16.00,17.00,288.00,9.00,8.00,112.00,176.00
52,2020-04-29,A,1.00,175.00,,,,,,,,1.00,42.00,,,,
52,2020-04-29,B,16.00,348.00,1.00,,,,,,,8.00,109.00,,,,
52,2020-04-29,C,14.00,223.00,6.00,,,,,,,4.00,53.00,,,,
52,2020-04-29,D,11.00,131.00,10.00,,,,,,,,30.00,,,,
52,2020-04-29,E,22.00,212.00,21.00,,,,,,,4.00,54.00,,,,
53,2020-04-29,0,38.00,1228.00,26.00,18.00,20.00,634.00,594.00,12.00,14.00,6.00,202.00,3.00,3.00,83.00,119.00
53,2020-04-29,A,,193.00,,,,,,,,,31.00,,,,
53,2020-04-29,B,13.00,361.00,6.00,,,,,,,3.00,77.00,,,,
53,2020-04-29,C,6.00,279.00,4.00,,,,,,,,34.00,,,,
53,2020-04-29,D,4.00,132.00,3.00,,,,,,,1.00,14.00,,,,
53,2020-04-29,E,15.00,263.00,13.00,,,,,,,2.00,46.00,,,,
75,2020-04-29,0,70.00,2359.00,37.00,39.00,31.00,1242.00,1117.00,22.00,15.00,32.00,730.00,16.00,16.00,291.00,439.00
75,2020-04-29,A,3.00,277.00,,,,,,,,4.00,113.00,,,,
75,2020-04-29,B,27.00,709.00,7.00,,,,,,,22.00,297.00,,,,
75,2020-04-29,C,13.00,553.00,9.00,,,,,,,2.00,156.00,,,,
75,2020-04-29,D,12.00,300.00,8.00,,,,,,,3.00,55.00,,,,
75,2020-04-29,E,15.00,520.00,13.00,,,,,,,1.00,109.00,,,,
76,2020-04-29,0,62.00,2412.00,26.00,27.00,35.00,1262.00,1150.00,16.00,10.00,9.00,258.00,4.00,5.00,101.00,157.00
76,2020-04-29,A,6.00,312.00,1.00,,,,,,,1.00,45.00,,,,
76,2020-04-29,B,28.00,826.00,7.00,,,,,,,7.00,117.00,,,,
76,2020-04-29,C,14.00,569.00,5.00,,,,,,,,43.00,,,,
76,2020-04-29,D,4.00,264.00,3.00,,,,,,,,22.00,,,,
76,2020-04-29,E,10.00,440.00,10.00,,,,,,,1.00,32.00,,,,
84,2020-04-29,0,105.00,2858.00,46.00,53.00,52.00,1482.00,1376.00,25.00,21.00,43.00,636.00,15.00,28.00,269.00,367.00
84,2020-04-29,A,,420.00,,,,,,,,3.00,72.00,,,,
84,2020-04-29,B,38.00,1035.00,6.00,,,,,,,23.00,269.00,,,,
84,2020-04-29,C,24.00,609.00,8.00,,,,,,,10.00,122.00,,,,
84,2020-04-29,D,9.00,269.00,7.00,,,,,,,1.00,52.00,,,,
84,2020-04-29,E,34.00,524.00,25.00,,,,,,,6.00,121.00,,,,
93,2020-04-29,0,189.00,2537.00,58.00,87.00,102.00,1295.00,1241.00,30.00,28.00,47.00,574.00,17.00,30.00,204.00,370.00
93,2020-04-29,A,2.00,353.00,1.00,,,,,,,6.00,104.00,,,,
93,2020-04-29,B,59.00,817.00,6.00,,,,,,,21.00,184.00,,,,
93,2020-04-29,C,87.00,662.00,16.00,,,,,,,14.00,131.00,,,,
93,2020-04-29,D,9.00,236.00,8.00,,,,,,,3.00,45.00,,,,
93,2020-04-29,E,32.00,469.00,27.00,,,,,,,3.00,110.00,,,,
94,2020-04-29,0,40.00,166.00,39.00,26.00,14.00,89.00,77.00,26.00,13.00,2.00,26.00,,2.00,11.00,15.00
94,2020-04-29,A,,8.00,,,,,,,,,9.00,,,,
94,2020-04-29,B,20.00,56.00,20.00,,,,,,,2.00,11.00,,,,
94,2020-04-29,C,14.00,45.00,13.00,,,,,,,,1.00,,,,
94,2020-04-29,D,2.00,27.00,2.00,,,,,,,,2.00,,,,
94,2020-04-29,E,4.00,30.00,4.00,,,,,,,,3.00,,,,
01,2020-04-30,0,2.00,166.00,1.00,1.00,1.00,84.00,82.00,,1.00,,,,,,
01,2020-04-30,A,,26.00,,,,,,,,,,,,,
01,2020-04-30,B,,61.00,,,,,,,,,,,,,
01,2020-04-30,C,1.00,42.00,1.00,,,,,,,,,,,,
01,2020-04-30,D,,17.00,,,,,,,,,,,,,
01,2020-04-30,E,1.00,20.00,,,,,,,,,,,,,
02,2020-04-30,0,,,,,,,,,,4.00,81.00,1.00,3.00,29.00,52.00
02,2020-04-30,A,,,,,,,,,,2.00,12.00,,,,
02,2020-04-30,B,,,,,,,,,,,17.00,,,,
02,2020-04-30,C,,,,,,,,,,2.00,17.00,,,,
02,2020-04-30,D,,,,,,,,,,,6.00,,,,
02,2020-04-30,E,,,,,,,,,,,29.00,,,,
03,2020-04-30,0,,146.00,,,,73.00,73.00,,,,,,,,
03,2020-04-30,A,,25.00,,,,,,,,,,,,,
03,2020-04-30,B,,79.00,,,,,,,,,,,,,
03,2020-04-30,C,,31.00,,,,,,,,,,,,,
03,2020-04-30,D,,7.00,,,,,,,,,,,,,
03,2020-04-30,E,,4.00,,,,,,,,,,,,,
04,2020-04-30,0,2.00,314.00,1.00,1.00,1.00,173.00,141.00,,1.00,,,,,,
04,2020-04-30,A,,53.00,,,,,,,,,,,,,
04,2020-04-30,B,,91.00,,,,,,,,,,,,,
04,2020-04-30,C,,88.00,,,,,,,,,,,,,
04,2020-04-30,D,1.00,42.00,1.00,,,,,,,,,,,,
04,2020-04-30,E,1.00,40.00,,,,,,,,,,,,,
06,2020-04-30,0,14.00,108.00,6.00,6.00,8.00,62.00,46.00,3.00,3.00,,,,,,
06,2020-04-30,A,,32.00,,,,,,,,,,,,,
06,2020-04-30,B,4.00,43.00,1.00,,,,,,,,,,,,
06,2020-04-30,C,7.00,22.00,3.00,,,,,,,,,,,,
06,2020-04-30,D,2.00,10.00,2.00,,,,,,,,,,,,
06,2020-04-30,E,1.00,1.00,,,,,,,,,,,,,
07,2020-04-30,0,,17.00,,,,12.00,5.00,,,,,,,,
07,2020-04-30,A,,,,,,,,,,,,,,,
07,2020-04-30,B,,5.00,,,,,,,,,,,,,
07,2020-04-30,C,,11.00,,,,,,,,,,,,,
07,2020-04-30,D,,,,,,,,,,,,,,,
07,2020-04-30,E,,1.00,,,,,,,,,,,,,
08,2020-04-30,0,,10.00,,,,5.00,5.00,,,,,,,,
08,2020-04-30,A,,1.00,,,,,,,,,,,,,
08,2020-04-30,B,,5.00,,,,,,,,,,,,,
08,2020-04-30,C,,1.00,,,,,,,,,,,,,
08,2020-04-30,D,,2.00,,,,,,,,,,,,,
08,2020-04-30,E,,1.00,,,,,,,,,,,,,
11,2020-04-30,0,452.00,4369.00,91.00,207.00,244.00,2214.00,2152.00,47.00,43.00,66.00,866.00,23.00,43.00,369.00,494.00
11,2020-04-30,A,18.00,642.00,2.00,,,,,,,8.00,143.00,,,,
11,2020-04-30,B,176.00,1715.00,10.00,,,,,,,22.00,291.00,,,,
11,2020-04-30,C,148.00,1061.00,20.00,,,,,,,20.00,189.00,,,,
11,2020-04-30,D,39.00,374.00,16.00,,,,,,,7.00,91.00,,,,
11,2020-04-30,E,71.00,577.00,43.00,,,,,,,9.00,151.00,,,,
24,2020-04-30,0,66.00,1157.00,22.00,30.00,36.00,579.00,578.00,13.00,9.00,10.00,207.00,2.00,8.00,85.00,122.00
24,2020-04-30,A,,148.00,,,,,,,,2.00,22.00,,,,
24,2020-04-30,B,17.00,389.00,,,,,,,,6.00,110.00,,,,
24,2020-04-30,C,19.00,267.00,6.00,,,,,,,2.00,41.00,,,,
24,2020-04-30,D,13.00,129.00,5.00,,,,,,,,9.00,,,,
24,2020-04-30,E,17.00,224.00,11.00,,,,,,,,25.00,,,,
27,2020-04-30,0,86.00,1287.00,38.00,41.00,45.00,615.00,672.00,19.00,19.00,13.00,156.00,9.00,4.00,78.00,78.00
27,2020-04-30,A,3.00,133.00,1.00,,,,,,,,25.00,,,,
27,2020-04-30,B,20.00,399.00,2.00,,,,,,,7.00,72.00,,,,
27,2020-04-30,C,30.00,302.00,9.00,,,,,,,4.00,32.00,,,,
27,2020-04-30,D,7.00,158.00,4.00,,,,,,,1.00,12.00,,,,
27,2020-04-30,E,26.00,295.00,22.00,,,,,,,1.00,15.00,,,,
28,2020-04-30,0,55.00,1438.00,27.00,23.00,32.00,678.00,760.00,13.00,14.00,7.00,289.00,4.00,3.00,122.00,167.00
28,2020-04-30,A,4.00,217.00,,,,,,,,,61.00,,,,
28,2020-04-30,B,15.00,487.00,5.00,,,,,,,5.00,123.00,,,,
28,2020-04-30,C,15.00,324.00,7.00,,,,,,,2.00,53.00,,,,
28,2020-04-30,D,2.00,142.00,2.00,,,,,,,,19.00,,,,
28,2020-04-30,E,19.00,268.00,13.00,,,,,,,,33.00,,,,
32,2020-04-30,0,119.00,2257.00,43.00,48.00,71.00,1154.00,1103.00,21.00,22.00,10.00,483.00,3.00,7.00,237.00,246.00
32,2020-04-30,A,5.00,336.00,,,,,,,,2.00,114.00,,,,
32,2020-04-30,B,36.00,786.00,6.00,,,,,,,7.00,216.00,,,,
32,2020-04-30,C,31.00,495.00,8.00,,,,,,,1.00,90.00,,,,
32,2020-04-30,D,13.00,258.00,8.00,,,,,,,,23.00,,,,
32,2020-04-30,E,34.00,382.00,21.00,,,,,,,,38.00,,,,
44,2020-04-30,0,112.00,2173.00,43.00,40.00,72.00,1075.00,1098.00,19.00,24.00,35.00,424.00,13.00,22.00,165.00,259.00
44,2020-04-30,A,3.00,292.00,,,,,,,,4.00,64.00,,,,
44,2020-04-30,B,37.00,663.00,5.00,,,,,,,17.00,193.00,,,,
44,2020-04-30,C,26.00,525.00,5.00,,,,,,,8.00,68.00,,,,
44,2020-04-30,D,14.00,248.00,7.00,,,,,,,5.00,44.00,,,,
44,2020-04-30,E,32.00,445.00,26.00,,,,,,,1.00,51.00,,,,
52,2020-04-30,0,84.00,1191.00,53.00,39.00,45.00,612.00,579.00,25.00,28.00,19.00,351.00,10.00,9.00,161.00,190.00
52,2020-04-30,A,1.00,169.00,,,,,,,,3.00,62.00,,,,
52,2020-04-30,B,19.00,394.00,6.00,,,,,,,9.00,144.00,,,,
52,2020-04-30,C,25.00,255.00,17.00,,,,,,,4.00,69.00,,,,
52,2020-04-30,D,10.00,126.00,5.00,,,,,,,,19.00,,,,
52,2020-04-30,E,29.00,247.00,25.00,,,,,,,3.00,57.00,,,,
53,2020-04-30,0,28.00,1274.00,17.00,14.00,14.00,637.00,637.00,10.00,7.00,6.00,200.00,1.00,5.00,79.00,121.00
53,2020-04-30,A,1.00,182.00,1.00,,,,,,,,23.00,,,,
53,2020-04-30,B,11.00,408.00,3.00,,,,,,,1.00,85.00,,,,
53,2020-04-30,C,3.00,247.00,2.00,,,,,,,3.00,29.00,,,,
53,2020-04-30,D,6.00,155.00,4.00,,,,,,,,16.00,,,,
53,2020-04-30,E,7.00,282.00,7.00,,,,,,,2.00,47.00,,,,
75,2020-04-30,0,82.00,2702.00,41.00,35.00,47.00,1379.00,1323.00,20.00,21.00,40.00,838.00,19.00,21.00,328.00,510.00
75,2020-04-30,A,5.00,339.00,4.00,,,,,,,6.00,130.00,,,,
75,2020-04-30,B,30.00,797.00,5.00,,,,,,,23.00,333.00,,,,
75,2020-04-30,C,15.00,642.00,9.00,,,,,,,4.00,158.00,,,,
75,2020-04-30,D,17.00,343.00,10.00,,,,,,,4.00,72.00,,,,
75,2020-04-30,E,15.00,581.00,13.00,,,,,,,3.00,145.00,,,,
76,2020-04-30,0,66.00,2732.00,37.00,26.00,40.00,1421.00,1311.00,14.00,23.00,19.00,274.00,7.00,12.00,119.00,155.00
76,2020-04-30,A,4.00,308.00,,,,,,,,3.00,50.00,,,,
76,2020-04-30,B,22.00,903.00,7.00,,,,,,,9.00,124.00,,,,
76,2020-04-30,C,13.00,656.00,6.00,,,,,,,5.00,54.00,,,,
76,2020-04-30,D,5.00,320.00,4.00,,,,,,,1.00,19.00,,,,
76,2020-04-30,E,22.00,545.00,20.00,,,,,,,1.00,27.00,,,,
84,2020-04-30,0,115.00,3052.00,42.00,52.00,63.00,1546.00,1506.00,21.00,21.00,41.00,601.00,14.00,27.00,226.00,373.00
84,2020-04-30,A,1.00,431.00,,,,,,,,1.00,79.00,,,,
84,2020-04-30,B,32.00,1072.00,3.00,,,,,,,14.00,230.00,,,,
84,2020-04-30,C,46.00,688.00,12.00,,,,,,,17.00,109.00,,,,
84,2020-04-30,D,10.00,314.00,4.00,,,,,,,2.00,50.00,,,,
84,2020-04-30,E,26.00,547.00,23.00,,,,,,,7.00,133.00,,,,
93,2020-04-30,0,101.00,2627.00,52.00,43.00,58.00,1350.00,1277.00,26.00,26.00,30.00,556.00,11.00,19.00,205.00,351.00
93,2020-04-30,A,5.00,335.00,1.00,,,,,,,6.00,98.00,,,,
93,2020-04-30,B,25.00,840.00,6.00,,,,,,,9.00,172.00,,,,
93,2020-04-30,C,27.00,605.00,6.00,,,,,,,10.00,124.00,,,,
93,2020-04-30,D,12.00,270.00,10.00,,,,,,,4.00,60.00,,,,
93,2020-04-30,E,32.00,577.00,29.00,,,,,,,,101.00,,,,
94,2020-04-30,0,38.00,168.00,36.00,19.00,19.00,95.00,73.00,18.00,18.00,,14.00,,,6.00,8.00
94,2020-04-30,A,,17.00,,,,,,,,,1.00,,,,
94,2020-04-30,B,12.00,54.00,12.00,,,,,,,,5.00,,,,
94,2020-04-30,C,17.00,50.00,16.00,,,,,,,,5.00,,,,
94,2020-04-30,D,2.00,13.00,1.00,,,,,,,,2.00,,,,
94,2020-04-30,E,7.00,34.00,7.00,,,,,,,,1.00,,,,
01,2020-05-01,0,2.00,174.00,1.00,1.00,1.00,82.00,92.00,,1.00,,,,,,
01,2020-05-01,A,,26.00,,,,,,,,,,,,,
01,2020-05-01,B,1.00,82.00,1.00,,,,,,,,,,,,
01,2020-05-01,C,1.00,30.00,,,,,,,,,,,,,
01,2020-05-01,D,,16.00,,,,,,,,,,,,,
01,2020-05-01,E,,20.00,,,,,,,,,,,,,
02,2020-05-01,0,,,,,,,,,,,76.00,,,28.00,48.00
02,2020-05-01,A,,,,,,,,,,,9.00,,,,
02,2020-05-01,B,,,,,,,,,,,24.00,,,,
02,2020-05-01,C,,,,,,,,,,,18.00,,,,
02,2020-05-01,D,,,,,,,,,,,10.00,,,,
02,2020-05-01,E,,,,,,,,,,,15.00,,,,
03,2020-05-01,0,1.00,134.00,,1.00,,67.00,67.00,,,,,,,,
03,2020-05-01,A,,28.00,,,,,,,,,,,,,
03,2020-05-01,B,1.00,72.00,,,,,,,,,,,,,
03,2020-05-01,C,,23.00,,,,,,,,,,,,,
03,2020-05-01,D,,2.00,,,,,,,,,,,,,
03,2020-05-01,E,,9.00,,,,,,,,,,,,,
04,2020-05-01,0,2.00,328.00,1.00,1.00,1.00,188.00,140.00,,1.00,,,,,,
04,2020-05-01,A,,52.00,,,,,,,,,,,,,
04,2020-05-01,B,1.00,114.00,,,,,,,,,,,,,
04,2020-05-01,C,1.00,87.00,1.00,,,,,,,,,,,,
04,2020-05-01,D,,31.00,,,,,,,,,,,,,
04,2020-05-01,E,,44.00,,,,,,,,,,,,,
06,2020-05-01,0,13.00,93.00,3.00,4.00,9.00,55.00,38.00,1.00,2.00,,,,,,
06,2020-05-01,A,,24.00,,,,,,,,,,,,,
06,2020-05-01,B,5.00,44.00,1.00,,,,,,,,,,,,
06,2020-05-01,C,4.00,19.00,,,,,,,,,,,,,
06,2020-05-01,D,4.00,5.00,2.00,,,,,,,,,,,,
06,2020-05-01,E,,1.00,,,,,,,,,,,,,
07,2020-05-01,0,,7.00,,,,4.00,3.00,,,,,,,,
07,2020-05-01,A,,1.00,,,,,,,,,,,,,
07,2020-05-01,B,,4.00,,,,,,,,,,,,,
07,2020-05-01,C,,1.00,,,,,,,,,,,,,
07,2020-05-01,D,,1.00,,,,,,,,,,,,,
07,2020-05-01,E,,,,,,,,,,,,,,,
08,2020-05-01,0,,21.00,,,,10.00,11.00,,,,,,,,
08,2020-05-01,A,,4.00,,,,,,,,,,,,,
08,2020-05-01,B,,12.00,,,,,,,,,,,,,
08,2020-05-01,C,,4.00,,,,,,,,,,,,,
08,2020-05-01,D,,1.00,,,,,,,,,,,,,
08,2020-05-01,E,,,,,,,,,,,,,,,
11,2020-05-01,0,221.00,3916.00,49.00,103.00,118.00,1990.00,1926.00,23.00,26.00,64.00,1022.00,27.00,37.00,423.00,599.00
11,2020-05-01,A,5.00,679.00,,,,,,,,3.00,189.00,,,,
11,2020-05-01,B,113.00,1618.00,11.00,,,,,,,34.00,384.00,,,,
11,2020-05-01,C,57.00,892.00,5.00,,,,,,,15.00,209.00,,,,
11,2020-05-01,D,16.00,294.00,8.00,,,,,,,7.00,92.00,,,,
11,2020-05-01,E,30.00,432.00,25.00,,,,,,,5.00,139.00,,,,
24,2020-05-01,0,31.00,888.00,5.00,12.00,19.00,419.00,469.00,4.00,1.00,8.00,231.00,4.00,4.00,82.00,149.00
24,2020-05-01,A,,137.00,,,,,,,,2.00,37.00,,,,
24,2020-05-01,B,9.00,313.00,2.00,,,,,,,4.00,121.00,,,,
24,2020-05-01,C,9.00,205.00,1.00,,,,,,,1.00,37.00,,,,
24,2020-05-01,D,3.00,83.00,1.00,,,,,,,,5.00,,,,
24,2020-05-01,E,10.00,150.00,1.00,,,,,,,1.00,29.00,,,,
27,2020-05-01,0,49.00,1139.00,28.00,21.00,28.00,577.00,562.00,9.00,19.00,9.00,209.00,4.00,5.00,76.00,133.00
27,2020-05-01,A,3.00,143.00,,,,,,,,1.00,34.00,,,,
27,2020-05-01,B,11.00,404.00,3.00,,,,,,,7.00,93.00,,,,
27,2020-05-01,C,7.00,243.00,4.00,,,,,,,1.00,40.00,,,,
27,2020-05-01,D,6.00,131.00,4.00,,,,,,,,15.00,,,,
27,2020-05-01,E,22.00,218.00,17.00,,,,,,,,24.00,,,,
28,2020-05-01,0,30.00,1184.00,19.00,17.00,13.00,603.00,581.00,12.00,7.00,21.00,353.00,8.00,13.00,154.00,199.00
28,2020-05-01,A,1.00,188.00,,,,,,,,2.00,61.00,,,,
28,2020-05-01,B,3.00,410.00,1.00,,,,,,,9.00,149.00,,,,
28,2020-05-01,C,10.00,238.00,6.00,,,,,,,6.00,67.00,,,,
28,2020-05-01,D,3.00,124.00,2.00,,,,,,,,15.00,,,,
28,2020-05-01,E,13.00,224.00,10.00,,,,,,,4.00,61.00,,,,
32,2020-05-01,0,67.00,2057.00,33.00,29.00,38.00,1063.00,994.00,16.00,17.00,37.00,526.00,17.00,20.00,242.00,283.00
32,2020-05-01,A,3.00,363.00,1.00,,,,,,,6.00,128.00,,,,
32,2020-05-01,B,16.00,752.00,3.00,,,,,,,22.00,242.00,,,,
32,2020-05-01,C,19.00,458.00,8.00,,,,,,,6.00,89.00,,,,
32,2020-05-01,D,3.00,167.00,3.00,,,,,,,1.00,28.00,,,,
32,2020-05-01,E,26.00,317.00,18.00,,,,,,,2.00,39.00,,,,
44,2020-05-01,0,78.00,1764.00,40.00,34.00,44.00,909.00,855.00,20.00,20.00,42.00,652.00,17.00,25.00,252.00,399.00
44,2020-05-01,A,3.00,249.00,1.00,,,,,,,4.00,120.00,,,,
44,2020-05-01,B,28.00,640.00,7.00,,,,,,,20.00,258.00,,,,
44,2020-05-01,C,13.00,365.00,3.00,,,,,,,4.00,103.00,,,,
44,2020-05-01,D,10.00,194.00,7.00,,,,,,,2.00,58.00,,,,
44,2020-05-01,E,24.00,316.00,22.00,,,,,,,12.00,113.00,,,,
52,2020-05-01,0,43.00,1122.00,28.00,26.00,17.00,599.00,521.00,18.00,10.00,26.00,453.00,10.00,16.00,204.00,249.00
52,2020-05-01,A,,181.00,,,,,,,,3.00,90.00,,,,
52,2020-05-01,B,15.00,381.00,7.00,,,,,,,13.00,170.00,,,,
52,2020-05-01,C,9.00,246.00,4.00,,,,,,,4.00,85.00,,,,
52,2020-05-01,D,7.00,113.00,6.00,,,,,,,2.00,27.00,,,,
52,2020-05-01,E,12.00,201.00,11.00,,,,,,,4.00,81.00,,,,
53,2020-05-01,0,22.00,1257.00,14.00,8.00,14.00,633.00,624.00,7.00,7.00,7.00,349.00,4.00,3.00,151.00,198.00
53,2020-05-01,A,,232.00,,,,,,,,2.00,55.00,,,,
53,2020-05-01,B,7.00,386.00,1.00,,,,,,,4.00,128.00,,,,
53,2020-05-01,C,3.00,265.00,2.00,,,,,,,,73.00,,,,
53,2020-05-01,D,4.00,127.00,4.00,,,,,,,,32.00,,,,
53,2020-05-01,E,8.00,247.00,7.00,,,,,,,1.00,61.00,,,,
75,2020-05-01,0,48.00,2274.00,30.00,21.00,27.00,1151.00,1123.00,13.00,17.00,46.00,1066.00,19.00,27.00,420.00,643.00
75,2020-05-01,A,2.00,335.00,2.00,,,,,,,3.00,183.00,,,,
75,2020-05-01,B,17.00,750.00,5.00,,,,,,,27.00,426.00,,,,
75,2020-05-01,C,11.00,475.00,6.00,,,,,,,8.00,202.00,,,,
75,2020-05-01,D,4.00,253.00,3.00,,,,,,,1.00,81.00,,,,
75,2020-05-01,E,14.00,461.00,14.00,,,,,,,7.00,174.00,,,,
76,2020-05-01,0,35.00,2325.00,23.00,17.00,18.00,1199.00,1126.00,13.00,10.00,13.00,471.00,4.00,9.00,191.00,280.00
76,2020-05-01,A,2.00,349.00,,,,,,,,4.00,98.00,,,,
76,2020-05-01,B,11.00,859.00,6.00,,,,,,,6.00,193.00,,,,
76,2020-05-01,C,9.00,503.00,6.00,,,,,,,3.00,75.00,,,,
76,2020-05-01,D,1.00,230.00,1.00,,,,,,,,42.00,,,,
76,2020-05-01,E,12.00,384.00,10.00,,,,,,,,63.00,,,,
84,2020-05-01,0,53.00,2625.00,18.00,25.00,28.00,1328.00,1297.00,11.00,7.00,45.00,844.00,11.00,33.00,319.00,518.00
84,2020-05-01,A,2.00,402.00,,,,,,,,4.00,137.00,,,,
84,2020-05-01,B,19.00,976.00,3.00,,,,,,,23.00,331.00,,,,
84,2020-05-01,C,10.00,579.00,1.00,,,,,,,8.00,133.00,,,,
84,2020-05-01,D,6.00,235.00,3.00,,,,,,,5.00,84.00,,,,
84,2020-05-01,E,16.00,433.00,11.00,,,,,,,5.00,159.00,,,,
93,2020-05-01,0,64.00,2448.00,37.00,32.00,32.00,1267.00,1181.00,21.00,16.00,45.00,783.00,19.00,26.00,290.00,493.00
93,2020-05-01,A,,379.00,,,,,,,,4.00,153.00,,,,
93,2020-05-01,B,24.00,838.00,5.00,,,,,,,22.00,255.00,,,,
93,2020-05-01,C,14.00,555.00,10.00,,,,,,,11.00,148.00,,,,
93,2020-05-01,D,5.00,248.00,4.00,,,,,,,5.00,81.00,,,,
93,2020-05-01,E,21.00,428.00,18.00,,,,,,,2.00,144.00,,,,
94,2020-05-01,0,13.00,156.00,10.00,6.00,7.00,77.00,79.00,4.00,6.00,4.00,50.00,1.00,3.00,12.00,34.00
94,2020-05-01,A,1.00,15.00,1.00,,,,,,,1.00,6.00,,,,
94,2020-05-01,B,3.00,55.00,2.00,,,,,,,1.00,16.00,,,,
94,2020-05-01,C,4.00,40.00,3.00,,,,,,,1.00,13.00,,,,
94,2020-05-01,D,3.00,17.00,2.00,,,,,,,,9.00,,,,
94,2020-05-01,E,2.00,29.00,2.00,,,,,,,1.00,6.00,,,,
01,2020-05-02,0,,183.00,,,,94.00,89.00,,,,,,,,
01,2020-05-02,A,,23.00,,,,,,,,,,,,,
01,2020-05-02,B,,75.00,,,,,,,,,,,,,
01,2020-05-02,C,,43.00,,,,,,,,,,,,,
01,2020-05-02,D,,20.00,,,,,,,,,,,,,
01,2020-05-02,E,,22.00,,,,,,,,,,,,,
02,2020-05-02,0,,,,,,,,,,3.00,84.00,2.00,1.00,36.00,48.00
02,2020-05-02,A,,,,,,,,,,2.00,14.00,,,,
02,2020-05-02,B,,,,,,,,,,,21.00,,,,
02,2020-05-02,C,,,,,,,,,,,14.00,,,,
02,2020-05-02,D,,,,,,,,,,,7.00,,,,
02,2020-05-02,E,,,,,,,,,,1.00,28.00,,,,
03,2020-05-02,0,1.00,202.00,1.00,1.00,,102.00,100.00,1.00,,,,,,,
03,2020-05-02,A,,46.00,,,,,,,,,,,,,
03,2020-05-02,B,,97.00,,,,,,,,,,,,,
03,2020-05-02,C,1.00,43.00,1.00,,,,,,,,,,,,
03,2020-05-02,D,,11.00,,,,,,,,,,,,,
03,2020-05-02,E,,5.00,,,,,,,,,,,,,
04,2020-05-02,0,1.00,339.00,1.00,1.00,,195.00,144.00,1.00,,,,,,,
04,2020-05-02,A,,65.00,,,,,,,,,,,,,
04,2020-05-02,B,,105.00,,,,,,,,,,,,,
04,2020-05-02,C,,83.00,,,,,,,,,,,,,
04,2020-05-02,D,1.00,47.00,1.00,,,,,,,,,,,,
04,2020-05-02,E,,39.00,,,,,,,,,,,,,
06,2020-05-02,0,22.00,101.00,2.00,11.00,11.00,50.00,51.00,,2.00,,,,,,
06,2020-05-02,A,1.00,30.00,,,,,,,,,,,,,
06,2020-05-02,B,9.00,38.00,1.00,,,,,,,,,,,,
06,2020-05-02,C,10.00,28.00,1.00,,,,,,,,,,,,
06,2020-05-02,D,,1.00,,,,,,,,,,,,,
06,2020-05-02,E,2.00,4.00,,,,,,,,,,,,,
07,2020-05-02,0,,11.00,,,,7.00,4.00,,,,,,,,
07,2020-05-02,A,,1.00,,,,,,,,,,,,,
07,2020-05-02,B,,4.00,,,,,,,,,,,,,
07,2020-05-02,C,,4.00,,,,,,,,,,,,,
07,2020-05-02,D,,1.00,,,,,,,,,,,,,
07,2020-05-02,E,,1.00,,,,,,,,,,,,,
08,2020-05-02,0,,16.00,,,,5.00,11.00,,,,,,,,
08,2020-05-02,A,,1.00,,,,,,,,,,,,,
08,2020-05-02,B,,8.00,,,,,,,,,,,,,
08,2020-05-02,C,,3.00,,,,,,,,,,,,,
08,2020-05-02,D,,4.00,,,,,,,,,,,,,
08,2020-05-02,E,,,,,,,,,,,,,,,
11,2020-05-02,0,191.00,4466.00,62.00,90.00,101.00,2286.00,2180.00,33.00,29.00,83.00,1250.00,34.00,49.00,508.00,737.00
11,2020-05-02,A,3.00,699.00,,,,,,,,10.00,236.00,,,,
11,2020-05-02,B,93.00,1857.00,17.00,,,,,,,41.00,444.00,,,,
11,2020-05-02,C,46.00,993.00,14.00,,,,,,,22.00,261.00,,,,
11,2020-05-02,D,16.00,338.00,8.00,,,,,,,2.00,123.00,,,,
11,2020-05-02,E,33.00,579.00,23.00,,,,,,,7.00,179.00,,,,
24,2020-05-02,0,55.00,1115.00,9.00,23.00,32.00,539.00,576.00,6.00,3.00,19.00,316.00,7.00,12.00,129.00,187.00
24,2020-05-02,A,,158.00,,,,,,,,1.00,51.00,,,,
24,2020-05-02,B,16.00,373.00,2.00,,,,,,,5.00,127.00,,,,
24,2020-05-02,C,16.00,240.00,2.00,,,,,,,8.00,61.00,,,,
24,2020-05-02,D,8.00,128.00,1.00,,,,,,,3.00,29.00,,,,
24,2020-05-02,E,15.00,216.00,4.00,,,,,,,2.00,48.00,,,,
27,2020-05-02,0,58.00,1344.00,32.00,26.00,32.00,654.00,690.00,17.00,15.00,17.00,288.00,9.00,8.00,98.00,187.00
27,2020-05-02,A,1.00,154.00,,,,,,,,,33.00,,,,
27,2020-05-02,B,10.00,455.00,1.00,,,,,,,10.00,108.00,,,,
27,2020-05-02,C,16.00,317.00,6.00,,,,,,,3.00,77.00,,,,
27,2020-05-02,D,4.00,154.00,1.00,,,,,,,2.00,30.00,,,,
27,2020-05-02,E,27.00,264.00,24.00,,,,,,,2.00,33.00,,,,
28,2020-05-02,0,35.00,1475.00,24.00,14.00,21.00,756.00,719.00,11.00,13.00,17.00,486.00,7.00,10.00,198.00,288.00
28,2020-05-02,A,2.00,231.00,,,,,,,,,96.00,,,,
28,2020-05-02,B,10.00,489.00,7.00,,,,,,,10.00,207.00,,,,
28,2020-05-02,C,4.00,350.00,2.00,,,,,,,6.00,88.00,,,,
28,2020-05-02,D,6.00,163.00,3.00,,,,,,,,37.00,,,,
28,2020-05-02,E,13.00,242.00,12.00,,,,,,,1.00,58.00,,,,
32,2020-05-02,0,88.00,2568.00,40.00,37.00,51.00,1300.00,1268.00,16.00,24.00,31.00,707.00,11.00,20.00,306.00,401.00
32,2020-05-02,A,4.00,414.00,1.00,,,,,,,1.00,154.00,,,,
32,2020-05-02,B,21.00,963.00,3.00,,,,,,,20.00,288.00,,,,
32,2020-05-02,C,17.00,543.00,5.00,,,,,,,7.00,138.00,,,,
32,2020-05-02,D,13.00,254.00,9.00,,,,,,,3.00,48.00,,,,
32,2020-05-02,E,33.00,393.00,22.00,,,,,,,,77.00,,,,
44,2020-05-02,0,97.00,2175.00,52.00,42.00,55.00,1075.00,1099.00,25.00,27.00,55.00,793.00,24.00,31.00,334.00,459.00
44,2020-05-02,A,3.00,334.00,1.00,,,,,,,3.00,137.00,,,,
44,2020-05-02,B,21.00,679.00,5.00,,,,,,,29.00,290.00,,,,
44,2020-05-02,C,36.00,516.00,13.00,,,,,,,13.00,158.00,,,,
44,2020-05-02,D,15.00,238.00,13.00,,,,,,,8.00,98.00,,,,
44,2020-05-02,E,22.00,408.00,20.00,,,,,,,2.00,106.00,,,,
52,2020-05-02,0,58.00,1309.00,38.00,26.00,32.00,694.00,615.00,16.00,22.00,16.00,522.00,7.00,9.00,211.00,311.00
52,2020-05-02,A,1.00,207.00,,,,,,,,2.00,78.00,,,,
52,2020-05-02,B,15.00,395.00,7.00,,,,,,,10.00,210.00,,,,
52,2020-05-02,C,15.00,311.00,7.00,,,,,,,2.00,94.00,,,,
52,2020-05-02,D,7.00,154.00,6.00,,,,,,,,45.00,,,,
52,2020-05-02,E,20.00,242.00,18.00,,,,,,,2.00,95.00,,,,
53,2020-05-02,0,21.00,1362.00,13.00,13.00,8.00,682.00,680.00,9.00,4.00,13.00,470.00,6.00,7.00,184.00,285.00
53,2020-05-02,A,,234.00,,,,,,,,,77.00,,,,
53,2020-05-02,B,7.00,430.00,3.00,,,,,,,7.00,181.00,,,,
53,2020-05-02,C,7.00,276.00,4.00,,,,,,,4.00,96.00,,,,
53,2020-05-02,D,,140.00,,,,,,,,1.00,38.00,,,,
53,2020-05-02,E,7.00,282.00,6.00,,,,,,,1.00,78.00,,,,
75,2020-05-02,0,59.00,2740.00,25.00,21.00,38.00,1398.00,1342.00,3.00,22.00,49.00,1242.00,24.00,25.00,492.00,750.00
75,2020-05-02,A,4.00,344.00,,,,,,,,,182.00,,,,
75,2020-05-02,B,19.00,862.00,4.00,,,,,,,32.00,468.00,,,,
75,2020-05-02,C,13.00,653.00,6.00,,,,,,,11.00,282.00,,,,
75,2020-05-02,D,11.00,338.00,7.00,,,,,,,2.00,114.00,,,,
75,2020-05-02,E,12.00,543.00,8.00,,,,,,,4.00,196.00,,,,
76,2020-05-02,0,64.00,2845.00,32.00,32.00,32.00,1392.00,1453.00,15.00,17.00,29.00,523.00,14.00,15.00,221.00,301.00
76,2020-05-02,A,9.00,383.00,1.00,,,,,,,2.00,105.00,,,,
76,2020-05-02,B,23.00,1004.00,11.00,,,,,,,10.00,194.00,,,,
76,2020-05-02,C,11.00,644.00,4.00,,,,,,,9.00,103.00,,,,
76,2020-05-02,D,5.00,292.00,3.00,,,,,,,2.00,48.00,,,,
76,2020-05-02,E,16.00,522.00,13.00,,,,,,,6.00,73.00,,,,
84,2020-05-02,0,68.00,3096.00,32.00,30.00,38.00,1512.00,1584.00,14.00,18.00,42.00,987.00,15.00,23.00,410.00,570.00
84,2020-05-02,A,3.00,442.00,,,,,,,,4.00,148.00,,,,
84,2020-05-02,B,23.00,1097.00,4.00,,,,,,,22.00,374.00,,,,
84,2020-05-02,C,17.00,697.00,8.00,,,,,,,7.00,181.00,,,,
84,2020-05-02,D,4.00,329.00,3.00,,,,,,,4.00,81.00,,,,
84,2020-05-02,E,21.00,531.00,17.00,,,,,,,5.00,203.00,,,,
93,2020-05-02,0,85.00,2827.00,39.00,35.00,50.00,1407.00,1420.00,19.00,20.00,53.00,958.00,25.00,28.00,376.00,582.00
93,2020-05-02,A,1.00,450.00,,,,,,,,8.00,163.00,,,,
93,2020-05-02,B,30.00,933.00,5.00,,,,,,,25.00,314.00,,,,
93,2020-05-02,C,20.00,638.00,7.00,,,,,,,8.00,193.00,,,,
93,2020-05-02,D,12.00,292.00,8.00,,,,,,,3.00,100.00,,,,
93,2020-05-02,E,22.00,514.00,19.00,,,,,,,9.00,188.00,,,,
94,2020-05-02,0,2.00,130.00,1.00,1.00,1.00,62.00,68.00,1.00,,4.00,35.00,1.00,3.00,11.00,24.00
94,2020-05-02,A,,18.00,,,,,,,,,8.00,,,,
94,2020-05-02,B,1.00,45.00,,,,,,,,2.00,13.00,,,,
94,2020-05-02,C,,34.00,,,,,,,,2.00,8.00,,,,
94,2020-05-02,D,,14.00,,,,,,,,,4.00,,,,
94,2020-05-02,E,1.00,19.00,1.00,,,,,,,,2.00,,,,
01,2020-05-03,0,,166.00,,,,84.00,82.00,,,,,,,,
01,2020-05-03,A,,28.00,,,,,,,,,,,,,
01,2020-05-03,B,,67.00,,,,,,,,,,,,,
01,2020-05-03,C,,43.00,,,,,,,,,,,,,
01,2020-05-03,D,,12.00,,,,,,,,,,,,,
01,2020-05-03,E,,16.00,,,,,,,,,,,,,
02,2020-05-03,0,,,,,,,,,,,65.00,,,18.00,47.00
02,2020-05-03,A,,,,,,,,,,,8.00,,,,
02,2020-05-03,B,,,,,,,,,,,15.00,,,,
02,2020-05-03,C,,,,,,,,,,,20.00,,,,
02,2020-05-03,D,,,,,,,,,,,6.00,,,,
02,2020-05-03,E,,,,,,,,,,,16.00,,,,
03,2020-05-03,0,5.00,143.00,,3.00,2.00,76.00,67.00,,,,,,,,
03,2020-05-03,A,,28.00,,,,,,,,,,,,,
03,2020-05-03,B,5.00,76.00,,,,,,,,,,,,,
03,2020-05-03,C,,24.00,,,,,,,,,,,,,
03,2020-05-03,D,,7.00,,,,,,,,,,,,,
03,2020-05-03,E,,8.00,,,,,,,,,,,,,
04,2020-05-03,0,,334.00,,,,186.00,148.00,,,,,,,,
04,2020-05-03,A,,54.00,,,,,,,,,,,,,
04,2020-05-03,B,,121.00,,,,,,,,,,,,,
04,2020-05-03,C,,91.00,,,,,,,,,,,,,
04,2020-05-03,D,,29.00,,,,,,,,,,,,,
04,2020-05-03,E,,39.00,,,,,,,,,,,,,
06,2020-05-03,0,13.00,104.00,2.00,10.00,3.00,67.00,37.00,1.00,1.00,,,,,,
06,2020-05-03,A,,25.00,,,,,,,,,,,,,
06,2020-05-03,B,7.00,53.00,1.00,,,,,,,,,,,,
06,2020-05-03,C,4.00,19.00,,,,,,,,,,,,,
06,2020-05-03,D,,3.00,,,,,,,,,,,,,
06,2020-05-03,E,2.00,4.00,1.00,,,,,,,,,,,,
07,2020-05-03,0,,6.00,,,,3.00,3.00,,,,,,,,
07,2020-05-03,A,,,,,,,,,,,,,,,
07,2020-05-03,B,,5.00,,,,,,,,,,,,,
07,2020-05-03,C,,,,,,,,,,,,,,,
07,2020-05-03,D,,1.00,,,,,,,,,,,,,
07,2020-05-03,E,,,,,,,,,,,,,,,
08,2020-05-03,0,,14.00,,,,2.00,12.00,,,,,,,,
08,2020-05-03,A,,5.00,,,,,,,,,,,,,
08,2020-05-03,B,,5.00,,,,,,,,,,,,,
08,2020-05-03,C,,3.00,,,,,,,,,,,,,
08,2020-05-03,D,,1.00,,,,,,,,,,,,,
08,2020-05-03,E,,,,,,,,,,,,,,,
11,2020-05-03,0,184.00,3860.00,45.00,92.00,92.00,1999.00,1861.00,23.00,22.00,63.00,1205.00,23.00,40.00,478.00,723.00
11,2020-05-03,A,7.00,689.00,1.00,,,,,,,11.00,259.00,,,,
11,2020-05-03,B,84.00,1577.00,9.00,,,,,,,25.00,419.00,,,,
11,2020-05-03,C,56.00,875.00,11.00,,,,,,,20.00,247.00,,,,
11,2020-05-03,D,10.00,278.00,3.00,,,,,,,3.00,114.00,,,,
11,2020-05-03,E,27.00,441.00,21.00,,,,,,,4.00,159.00,,,,
24,2020-05-03,0,42.00,984.00,13.00,14.00,28.00,470.00,514.00,5.00,8.00,15.00,225.00,9.00,6.00,89.00,136.00
24,2020-05-03,A,,133.00,,,,,,,,4.00,40.00,,,,
24,2020-05-03,B,14.00,330.00,2.00,,,,,,,6.00,92.00,,,,
24,2020-05-03,C,10.00,227.00,2.00,,,,,,,3.00,42.00,,,,
24,2020-05-03,D,5.00,101.00,1.00,,,,,,,1.00,16.00,,,,
24,2020-05-03,E,13.00,193.00,8.00,,,,,,,1.00,35.00,,,,
27,2020-05-03,0,37.00,1096.00,19.00,18.00,19.00,561.00,534.00,9.00,10.00,27.00,275.00,18.00,9.00,140.00,134.00
27,2020-05-03,A,1.00,136.00,,,,,,,,5.00,55.00,,,,
27,2020-05-03,B,13.00,370.00,3.00,,,,,,,16.00,108.00,,,,
27,2020-05-03,C,8.00,256.00,5.00,,,,,,,5.00,58.00,,,,
27,2020-05-03,D,6.00,122.00,4.00,,,,,,,1.00,20.00,,,,
27,2020-05-03,E,9.00,212.00,7.00,,,,,,,,29.00,,,,
28,2020-05-03,0,21.00,1262.00,12.00,10.00,11.00,625.00,636.00,4.00,8.00,14.00,335.00,4.00,10.00,132.00,203.00
28,2020-05-03,A,2.00,215.00,,,,,,,,1.00,65.00,,,,
28,2020-05-03,B,4.00,444.00,2.00,,,,,,,8.00,140.00,,,,
28,2020-05-03,C,7.00,282.00,3.00,,,,,,,3.00,64.00,,,,
28,2020-05-03,D,,108.00,,,,,,,,1.00,21.00,,,,
28,2020-05-03,E,8.00,213.00,7.00,,,,,,,1.00,45.00,,,,
32,2020-05-03,0,71.00,2016.00,31.00,32.00,39.00,1008.00,1008.00,12.00,19.00,14.00,473.00,5.00,9.00,197.00,276.00
32,2020-05-03,A,10.00,374.00,1.00,,,,,,,,105.00,,,,
32,2020-05-03,B,12.00,819.00,2.00,,,,,,,11.00,206.00,,,,
32,2020-05-03,C,13.00,399.00,4.00,,,,,,,2.00,87.00,,,,
32,2020-05-03,D,7.00,159.00,3.00,,,,,,,,33.00,,,,
32,2020-05-03,E,29.00,265.00,21.00,,,,,,,1.00,41.00,,,,
44,2020-05-03,0,58.00,1880.00,25.00,22.00,36.00,967.00,913.00,14.00,11.00,42.00,688.00,18.00,24.00,305.00,381.00
44,2020-05-03,A,1.00,317.00,,,,,,,,1.00,121.00,,,,
44,2020-05-03,B,21.00,630.00,3.00,,,,,,,25.00,285.00,,,,
44,2020-05-03,C,14.00,429.00,7.00,,,,,,,13.00,140.00,,,,
44,2020-05-03,D,3.00,174.00,1.00,,,,,,,,43.00,,,,
44,2020-05-03,E,19.00,330.00,14.00,,,,,,,3.00,99.00,,,,
52,2020-05-03,0,38.00,1041.00,30.00,23.00,15.00,535.00,506.00,19.00,11.00,16.00,439.00,9.00,7.00,171.00,268.00
52,2020-05-03,A,,189.00,,,,,,,,1.00,82.00,,,,
52,2020-05-03,B,2.00,308.00,1.00,,,,,,,8.00,163.00,,,,
52,2020-05-03,C,8.00,233.00,6.00,,,,,,,6.00,78.00,,,,
52,2020-05-03,D,2.00,108.00,2.00,,,,,,,,34.00,,,,
52,2020-05-03,E,26.00,203.00,21.00,,,,,,,1.00,81.00,,,,
53,2020-05-03,0,27.00,1197.00,16.00,14.00,13.00,588.00,609.00,10.00,6.00,12.00,330.00,6.00,6.00,108.00,222.00
53,2020-05-03,A,2.00,218.00,,,,,,,,1.00,62.00,,,,
53,2020-05-03,B,6.00,395.00,2.00,,,,,,,7.00,115.00,,,,
53,2020-05-03,C,8.00,239.00,4.00,,,,,,,2.00,71.00,,,,
53,2020-05-03,D,3.00,113.00,2.00,,,,,,,,20.00,,,,
53,2020-05-03,E,8.00,232.00,8.00,,,,,,,2.00,62.00,,,,
75,2020-05-03,0,49.00,2368.00,27.00,25.00,24.00,1216.00,1152.00,13.00,14.00,33.00,954.00,18.00,15.00,411.00,543.00
75,2020-05-03,A,,364.00,,,,,,,,3.00,172.00,,,,
75,2020-05-03,B,18.00,810.00,2.00,,,,,,,19.00,361.00,,,,
75,2020-05-03,C,9.00,512.00,5.00,,,,,,,7.00,186.00,,,,
75,2020-05-03,D,6.00,242.00,5.00,,,,,,,1.00,84.00,,,,
75,2020-05-03,E,16.00,440.00,15.00,,,,,,,3.00,151.00,,,,
76,2020-05-03,0,29.00,2407.00,19.00,14.00,15.00,1234.00,1173.00,11.00,8.00,20.00,395.00,7.00,13.00,166.00,226.00
76,2020-05-03,A,1.00,398.00,1.00,,,,,,,3.00,81.00,,,,
76,2020-05-03,B,8.00,845.00,2.00,,,,,,,12.00,156.00,,,,
76,2020-05-03,C,7.00,544.00,5.00,,,,,,,3.00,74.00,,,,
76,2020-05-03,D,1.00,222.00,1.00,,,,,,,1.00,29.00,,,,
76,2020-05-03,E,12.00,398.00,10.00,,,,,,,1.00,52.00,,,,
84,2020-05-03,0,80.00,2762.00,40.00,33.00,47.00,1411.00,1351.00,23.00,17.00,34.00,779.00,13.00,21.00,314.00,464.00
84,2020-05-03,A,2.00,467.00,,,,,,,,4.00,125.00,,,,
84,2020-05-03,B,22.00,1008.00,7.00,,,,,,,18.00,306.00,,,,
84,2020-05-03,C,21.00,586.00,6.00,,,,,,,8.00,152.00,,,,
84,2020-05-03,D,14.00,238.00,8.00,,,,,,,1.00,64.00,,,,
84,2020-05-03,E,21.00,463.00,19.00,,,,,,,3.00,132.00,,,,
93,2020-05-03,0,57.00,2386.00,39.00,24.00,33.00,1222.00,1164.00,16.00,23.00,30.00,743.00,10.00,20.00,313.00,430.00
93,2020-05-03,A,,413.00,,,,,,,,1.00,142.00,,,,
93,2020-05-03,B,11.00,868.00,3.00,,,,,,,17.00,259.00,,,,
93,2020-05-03,C,13.00,482.00,5.00,,,,,,,6.00,127.00,,,,
93,2020-05-03,D,6.00,233.00,6.00,,,,,,,2.00,67.00,,,,
93,2020-05-03,E,27.00,390.00,25.00,,,,,,,4.00,146.00,,,,
94,2020-05-03,0,3.00,135.00,2.00,1.00,2.00,67.00,68.00,1.00,1.00,1.00,42.00,1.00,,18.00,24.00
94,2020-05-03,A,,16.00,,,,,,,,,6.00,,,,
94,2020-05-03,B,1.00,47.00,,,,,,,,,17.00,,,,
94,2020-05-03,C,,23.00,,,,,,,,,6.00,,,,
94,2020-05-03,D,1.00,17.00,1.00,,,,,,,,7.00,,,,
94,2020-05-03,E,1.00,32.00,1.00,,,,,,,1.00,6.00,,,,
01,2020-05-04,0,3.00,197.00,,,3.00,91.00,106.00,,,,,,,,
01,2020-05-04,A,,22.00,,,,,,,,,,,,,
01,2020-05-04,B,1.00,83.00,,,,,,,,,,,,,
01,2020-05-04,C,2.00,42.00,,,,,,,,,,,,,
01,2020-05-04,D,,24.00,,,,,,,,,,,,,
01,2020-05-04,E,,26.00,,,,,,,,,,,,,
02,2020-05-04,0,,,,,,,,,,1.00,101.00,,1.00,40.00,61.00
02,2020-05-04,A,,,,,,,,,,,11.00,,,,
02,2020-05-04,B,,,,,,,,,,,32.00,,,,
02,2020-05-04,C,,,,,,,,,,,15.00,,,,
02,2020-05-04,D,,,,,,,,,,,13.00,,,,
02,2020-05-04,E,,,,,,,,,,1.00,30.00,,,,
03,2020-05-04,0,2.00,178.00,1.00,2.00,,93.00,85.00,1.00,,,,,,,
03,2020-05-04,A,,35.00,,,,,,,,,,,,,
03,2020-05-04,B,,84.00,,,,,,,,,,,,,
03,2020-05-04,C,1.00,39.00,,,,,,,,,,,,,
03,2020-05-04,D,,7.00,,,,,,,,,,,,,
03,2020-05-04,E,1.00,13.00,1.00,,,,,,,,,,,,
04,2020-05-04,0,1.00,372.00,,,1.00,195.00,177.00,,,,,,,,
04,2020-05-04,A,1.00,48.00,,,,,,,,,,,,,
04,2020-05-04,B,,125.00,,,,,,,,,,,,,
04,2020-05-04,C,,105.00,,,,,,,,,,,,,
04,2020-05-04,D,,39.00,,,,,,,,,,,,,
04,2020-05-04,E,,55.00,,,,,,,,,,,,,
06,2020-05-04,0,42.00,162.00,2.00,20.00,22.00,96.00,66.00,,2.00,,,,,,
06,2020-05-04,A,2.00,36.00,,,,,,,,,,,,,
06,2020-05-04,B,27.00,83.00,2.00,,,,,,,,,,,,
06,2020-05-04,C,11.00,31.00,,,,,,,,,,,,,
06,2020-05-04,D,1.00,6.00,,,,,,,,,,,,,
06,2020-05-04,E,1.00,6.00,,,,,,,,,,,,,
07,2020-05-04,0,,22.00,,,,15.00,7.00,,,,,,,,
07,2020-05-04,A,,2.00,,,,,,,,,,,,,
07,2020-05-04,B,,9.00,,,,,,,,,,,,,
07,2020-05-04,C,,6.00,,,,,,,,,,,,,
07,2020-05-04,D,,4.00,,,,,,,,,,,,,
07,2020-05-04,E,,1.00,,,,,,,,,,,,,
08,2020-05-04,0,,26.00,,,,14.00,12.00,,,,,,,,
08,2020-05-04,A,,4.00,,,,,,,,,,,,,
08,2020-05-04,B,,10.00,,,,,,,,,,,,,
08,2020-05-04,C,,10.00,,,,,,,,,,,,,
08,2020-05-04,D,,2.00,,,,,,,,,,,,,
08,2020-05-04,E,,,,,,,,,,,,,,,
11,2020-05-04,0,426.00,4753.00,80.00,199.00,227.00,2438.00,2314.00,45.00,35.00,60.00,918.00,18.00,42.00,377.00,541.00
11,2020-05-04,A,9.00,713.00,3.00,,,,,,,5.00,135.00,,,,
11,2020-05-04,B,209.00,1943.00,15.00,,,,,,,23.00,326.00,,,,
11,2020-05-04,C,140.00,1155.00,17.00,,,,,,,18.00,211.00,,,,
11,2020-05-04,D,24.00,379.00,10.00,,,,,,,2.00,77.00,,,,
11,2020-05-04,E,44.00,563.00,35.00,,,,,,,11.00,163.00,,,,
24,2020-05-04,0,66.00,1249.00,14.00,35.00,31.00,645.00,603.00,9.00,5.00,9.00,228.00,3.00,6.00,104.00,124.00
24,2020-05-04,A,,161.00,,,,,,,,2.00,28.00,,,,
24,2020-05-04,B,14.00,350.00,,,,,,,,6.00,117.00,,,,
24,2020-05-04,C,18.00,275.00,1.00,,,,,,,1.00,39.00,,,,
24,2020-05-04,D,13.00,168.00,2.00,,,,,,,,16.00,,,,
24,2020-05-04,E,21.00,295.00,11.00,,,,,,,,27.00,,,,
27,2020-05-04,0,73.00,1500.00,36.00,28.00,45.00,761.00,739.00,17.00,19.00,8.00,164.00,2.00,6.00,60.00,103.00
27,2020-05-04,A,2.00,152.00,,,,,,,,,22.00,,,,
27,2020-05-04,B,22.00,478.00,7.00,,,,,,,5.00,70.00,,,,
27,2020-05-04,C,25.00,330.00,10.00,,,,,,,2.00,37.00,,,,
27,2020-05-04,D,9.00,198.00,7.00,,,,,,,,15.00,,,,
27,2020-05-04,E,15.00,342.00,12.00,,,,,,,1.00,19.00,,,,
28,2020-05-04,0,46.00,1661.00,21.00,16.00,30.00,828.00,832.00,9.00,12.00,16.00,284.00,10.00,6.00,131.00,153.00
28,2020-05-04,A,2.00,218.00,,,,,,,,1.00,49.00,,,,
28,2020-05-04,B,15.00,563.00,4.00,,,,,,,9.00,124.00,,,,
28,2020-05-04,C,8.00,395.00,4.00,,,,,,,4.00,59.00,,,,
28,2020-05-04,D,4.00,179.00,2.00,,,,,,,1.00,22.00,,,,
28,2020-05-04,E,17.00,306.00,11.00,,,,,,,1.00,30.00,,,,
32,2020-05-04,0,111.00,2437.00,52.00,55.00,56.00,1242.00,1195.00,28.00,24.00,31.00,523.00,13.00,18.00,235.00,288.00
32,2020-05-04,A,3.00,360.00,,,,,,,,1.00,82.00,,,,
32,2020-05-04,B,25.00,854.00,3.00,,,,,,,20.00,280.00,,,,
32,2020-05-04,C,34.00,575.00,15.00,,,,,,,7.00,100.00,,,,
32,2020-05-04,D,17.00,248.00,12.00,,,,,,,1.00,16.00,,,,
32,2020-05-04,E,32.00,400.00,22.00,,,,,,,2.00,42.00,,,,
44,2020-05-04,0,99.00,2263.00,47.00,45.00,54.00,1179.00,1084.00,23.00,24.00,40.00,459.00,14.00,26.00,203.00,256.00
44,2020-05-04,A,2.00,302.00,1.00,,,,,,,1.00,79.00,,,,
44,2020-05-04,B,32.00,692.00,9.00,,,,,,,24.00,199.00,,,,
44,2020-05-04,C,21.00,533.00,8.00,,,,,,,9.00,88.00,,,,
44,2020-05-04,D,19.00,260.00,8.00,,,,,,,4.00,39.00,,,,
44,2020-05-04,E,25.00,476.00,21.00,,,,,,,2.00,50.00,,,,
52,2020-05-04,0,71.00,1370.00,38.00,38.00,33.00,725.00,645.00,23.00,15.00,22.00,305.00,9.00,13.00,120.00,185.00
52,2020-05-04,A,1.00,194.00,,,,,,,,1.00,48.00,,,,
52,2020-05-04,B,22.00,425.00,5.00,,,,,,,13.00,103.00,,,,
52,2020-05-04,C,22.00,310.00,11.00,,,,,,,5.00,68.00,,,,
52,2020-05-04,D,5.00,163.00,4.00,,,,,,,,26.00,,,,
52,2020-05-04,E,21.00,278.00,18.00,,,,,,,3.00,60.00,,,,
53,2020-05-04,0,46.00,1423.00,32.00,26.00,20.00,705.00,718.00,20.00,12.00,11.00,230.00,6.00,5.00,94.00,134.00
53,2020-05-04,A,2.00,210.00,,,,,,,,,25.00,,,,
53,2020-05-04,B,9.00,436.00,1.00,,,,,,,7.00,99.00,,,,
53,2020-05-04,C,9.00,306.00,7.00,,,,,,,1.00,44.00,,,,
53,2020-05-04,D,7.00,150.00,6.00,,,,,,,1.00,23.00,,,,
53,2020-05-04,E,19.00,321.00,18.00,,,,,,,1.00,38.00,,,,
75,2020-05-04,0,60.00,2851.00,41.00,39.00,21.00,1489.00,1362.00,27.00,14.00,35.00,758.00,17.00,18.00,325.00,433.00
75,2020-05-04,A,1.00,324.00,1.00,,,,,,,5.00,111.00,,,,
75,2020-05-04,B,18.00,833.00,6.00,,,,,,,24.00,345.00,,,,
75,2020-05-04,C,12.00,696.00,10.00,,,,,,,6.00,153.00,,,,
75,2020-05-04,D,7.00,342.00,5.00,,,,,,,,51.00,,,,
75,2020-05-04,E,22.00,655.00,19.00,,,,,,,,97.00,,,,
76,2020-05-04,0,49.00,2861.00,27.00,26.00,23.00,1444.00,1417.00,17.00,10.00,9.00,247.00,5.00,4.00,104.00,143.00
76,2020-05-04,A,2.00,344.00,,,,,,,,2.00,43.00,,,,
76,2020-05-04,B,14.00,985.00,2.00,,,,,,,2.00,108.00,,,,
76,2020-05-04,C,16.00,667.00,11.00,,,,,,,3.00,54.00,,,,
76,2020-05-04,D,5.00,339.00,4.00,,,,,,,1.00,22.00,,,,
76,2020-05-04,E,12.00,526.00,10.00,,,,,,,1.00,20.00,,,,
84,2020-05-04,0,95.00,3551.00,43.00,50.00,45.00,1869.00,1682.00,24.00,19.00,36.00,681.00,23.00,13.00,292.00,388.00
84,2020-05-04,A,,571.00,,,,,,,,,82.00,,,,
84,2020-05-04,B,43.00,1213.00,9.00,,,,,,,17.00,275.00,,,,
84,2020-05-04,C,25.00,761.00,13.00,,,,,,,9.00,149.00,,,,
84,2020-05-04,D,7.00,372.00,5.00,,,,,,,2.00,52.00,,,,
84,2020-05-04,E,20.00,634.00,16.00,,,,,,,8.00,123.00,,,,
93,2020-05-04,0,65.00,2667.00,29.00,31.00,34.00,1412.00,1255.00,17.00,12.00,30.00,617.00,10.00,20.00,249.00,368.00
93,2020-05-04,A,,365.00,,,,,,,,9.00,117.00,,,,
93,2020-05-04,B,18.00,882.00,6.00,,,,,,,8.00,214.00,,,,
93,2020-05-04,C,31.00,621.00,11.00,,,,,,,7.00,120.00,,,,
93,2020-05-04,D,5.00,285.00,1.00,,,,,,,3.00,62.00,,,,
93,2020-05-04,E,11.00,514.00,11.00,,,,,,,3.00,101.00,,,,
94,2020-05-04,0,31.00,189.00,31.00,15.00,16.00,83.00,106.00,15.00,16.00,2.00,28.00,2.00,,17.00,11.00
94,2020-05-04,A,,14.00,,,,,,,,,7.00,,,,
94,2020-05-04,B,12.00,67.00,12.00,,,,,,,1.00,11.00,,,,
94,2020-05-04,C,15.00,50.00,15.00,,,,,,,,3.00,,,,
94,2020-05-04,D,2.00,18.00,2.00,,,,,,,1.00,2.00,,,,
94,2020-05-04,E,2.00,40.00,2.00,,,,,,,,5.00,,,,
01,2020-05-05,0,3.00,201.00,2.00,1.00,2.00,95.00,106.00,1.00,1.00,,,,,,
01,2020-05-05,A,,31.00,,,,,,,,,,,,,
01,2020-05-05,B,1.00,71.00,,,,,,,,,,,,,
01,2020-05-05,C,1.00,48.00,1.00,,,,,,,,,,,,
01,2020-05-05,D,,28.00,,,,,,,,,,,,,
01,2020-05-05,E,1.00,23.00,1.00,,,,,,,,,,,,
02,2020-05-05,0,,,,,,,,,,1.00,97.00,1.00,,37.00,60.00
02,2020-05-05,A,,,,,,,,,,,14.00,,,,
02,2020-05-05,B,,,,,,,,,,1.00,35.00,,,,
02,2020-05-05,C,,,,,,,,,,,17.00,,,,
02,2020-05-05,D,,,,,,,,,,,10.00,,,,
02,2020-05-05,E,,,,,,,,,,,21.00,,,,
03,2020-05-05,0,1.00,143.00,,1.00,,75.00,68.00,,,,,,,,
03,2020-05-05,A,,28.00,,,,,,,,,,,,,
03,2020-05-05,B,1.00,71.00,,,,,,,,,,,,,
03,2020-05-05,C,,35.00,,,,,,,,,,,,,
03,2020-05-05,D,,6.00,,,,,,,,,,,,,
03,2020-05-05,E,,3.00,,,,,,,,,,,,,
04,2020-05-05,0,1.00,372.00,1.00,1.00,,189.00,183.00,1.00,,,,,,,
04,2020-05-05,A,,59.00,,,,,,,,,,,,,
04,2020-05-05,B,,128.00,,,,,,,,,,,,,
04,2020-05-05,C,,94.00,,,,,,,,,,,,,
04,2020-05-05,D,1.00,44.00,1.00,,,,,,,,,,,,
04,2020-05-05,E,,47.00,,,,,,,,,,,,,
06,2020-05-05,0,49.00,147.00,3.00,19.00,30.00,76.00,71.00,1.00,2.00,,,,,,
06,2020-05-05,A,3.00,28.00,,,,,,,,,,,,,
06,2020-05-05,B,38.00,88.00,1.00,,,,,,,,,,,,
06,2020-05-05,C,5.00,23.00,,,,,,,,,,,,,
06,2020-05-05,D,2.00,5.00,1.00,,,,,,,,,,,,
06,2020-05-05,E,1.00,3.00,1.00,,,,,,,,,,,,
07,2020-05-05,0,,15.00,,,,7.00,8.00,,,,,,,,
07,2020-05-05,A,,1.00,,,,,,,,,,,,,
07,2020-05-05,B,,8.00,,,,,,,,,,,,,
07,2020-05-05,C,,5.00,,,,,,,,,,,,,
07,2020-05-05,D,,1.00,,,,,,,,,,,,,
07,2020-05-05,E,,,,,,,,,,,,,,,
08,2020-05-05,0,,14.00,,,,8.00,6.00,,,,,,,,
08,2020-05-05,A,,1.00,,,,,,,,,,,,,
08,2020-05-05,B,,4.00,,,,,,,,,,,,,
08,2020-05-05,C,,7.00,,,,,,,,,,,,,
08,2020-05-05,D,,1.00,,,,,,,,,,,,,
08,2020-05-05,E,,1.00,,,,,,,,,,,,,
11,2020-05-05,0,550.00,4489.00,56.00,215.00,333.00,2227.00,2258.00,26.00,30.00,42.00,786.00,19.00,23.00,318.00,468.00
11,2020-05-05,A,7.00,632.00,2.00,,,,,,,3.00,124.00,,,,
11,2020-05-05,B,255.00,1796.00,10.00,,,,,,,16.00,301.00,,,,
11,2020-05-05,C,233.00,1156.00,14.00,,,,,,,14.00,160.00,,,,
11,2020-05-05,D,24.00,361.00,8.00,,,,,,,3.00,67.00,,,,
11,2020-05-05,E,31.00,544.00,22.00,,,,,,,5.00,131.00,,,,
24,2020-05-05,0,38.00,1170.00,10.00,20.00,18.00,580.00,590.00,6.00,4.00,8.00,205.00,3.00,5.00,88.00,117.00
24,2020-05-05,A,,157.00,,,,,,,,,18.00,,,,
24,2020-05-05,B,14.00,349.00,1.00,,,,,,,5.00,101.00,,,,
24,2020-05-05,C,5.00,243.00,,,,,,,,2.00,48.00,,,,
24,2020-05-05,D,,139.00,,,,,,,,,14.00,,,,
24,2020-05-05,E,19.00,281.00,9.00,,,,,,,1.00,24.00,,,,
27,2020-05-05,0,60.00,1295.00,23.00,23.00,37.00,695.00,600.00,8.00,15.00,4.00,123.00,1.00,3.00,48.00,75.00
27,2020-05-05,A,,123.00,,,,,,,,,16.00,,,,
27,2020-05-05,B,21.00,413.00,1.00,,,,,,,2.00,47.00,,,,
27,2020-05-05,C,19.00,289.00,8.00,,,,,,,2.00,28.00,,,,
27,2020-05-05,D,3.00,170.00,2.00,,,,,,,,9.00,,,,
27,2020-05-05,E,17.00,300.00,12.00,,,,,,,,22.00,,,,
28,2020-05-05,0,26.00,1402.00,10.00,11.00,15.00,668.00,734.00,4.00,6.00,10.00,251.00,5.00,5.00,119.00,132.00
28,2020-05-05,A,,194.00,,,,,,,,2.00,34.00,,,,
28,2020-05-05,B,9.00,460.00,2.00,,,,,,,6.00,132.00,,,,
28,2020-05-05,C,5.00,302.00,2.00,,,,,,,,44.00,,,,
28,2020-05-05,D,5.00,158.00,2.00,,,,,,,1.00,15.00,,,,
28,2020-05-05,E,7.00,288.00,4.00,,,,,,,1.00,26.00,,,,
32,2020-05-05,0,81.00,2234.00,25.00,41.00,40.00,1146.00,1088.00,16.00,9.00,22.00,432.00,9.00,13.00,199.00,233.00
32,2020-05-05,A,8.00,325.00,,,,,,,,1.00,97.00,,,,
32,2020-05-05,B,24.00,799.00,2.00,,,,,,,18.00,210.00,,,,
32,2020-05-05,C,21.00,516.00,5.00,,,,,,,3.00,81.00,,,,
32,2020-05-05,D,6.00,239.00,3.00,,,,,,,,20.00,,,,
32,2020-05-05,E,22.00,355.00,15.00,,,,,,,,22.00,,,,
44,2020-05-05,0,91.00,2033.00,34.00,48.00,43.00,1067.00,966.00,24.00,10.00,24.00,434.00,12.00,12.00,188.00,245.00
44,2020-05-05,A,,282.00,,,,,,,,1.00,78.00,,,,
44,2020-05-05,B,24.00,623.00,3.00,,,,,,,16.00,182.00,,,,
44,2020-05-05,C,39.00,504.00,10.00,,,,,,,4.00,85.00,,,,
44,2020-05-05,D,15.00,228.00,9.00,,,,,,,2.00,32.00,,,,
44,2020-05-05,E,13.00,396.00,12.00,,,,,,,1.00,57.00,,,,
52,2020-05-05,0,60.00,1309.00,36.00,27.00,33.00,705.00,604.00,19.00,17.00,16.00,300.00,7.00,9.00,131.00,169.00
52,2020-05-05,A,,195.00,,,,,,,,3.00,59.00,,,,
52,2020-05-05,B,17.00,434.00,4.00,,,,,,,6.00,110.00,,,,
52,2020-05-05,C,12.00,298.00,5.00,,,,,,,4.00,60.00,,,,
52,2020-05-05,D,9.00,126.00,6.00,,,,,,,1.00,23.00,,,,
52,2020-05-05,E,22.00,256.00,21.00,,,,,,,2.00,48.00,,,,
53,2020-05-05,0,32.00,1355.00,24.00,17.00,15.00,723.00,632.00,14.00,10.00,7.00,225.00,3.00,4.00,101.00,124.00
53,2020-05-05,A,,207.00,,,,,,,,2.00,40.00,,,,
53,2020-05-05,B,8.00,409.00,6.00,,,,,,,2.00,85.00,,,,
53,2020-05-05,C,12.00,284.00,8.00,,,,,,,2.00,39.00,,,,
53,2020-05-05,D,6.00,161.00,4.00,,,,,,,,16.00,,,,
53,2020-05-05,E,6.00,294.00,6.00,,,,,,,1.00,44.00,,,,
75,2020-05-05,0,62.00,2706.00,41.00,36.00,26.00,1402.00,1304.00,27.00,14.00,34.00,711.00,15.00,19.00,312.00,399.00
75,2020-05-05,A,2.00,375.00,1.00,,,,,,,3.00,111.00,,,,
75,2020-05-05,B,11.00,765.00,5.00,,,,,,,17.00,292.00,,,,
75,2020-05-05,C,14.00,628.00,6.00,,,,,,,12.00,154.00,,,,
75,2020-05-05,D,9.00,349.00,9.00,,,,,,,,52.00,,,,
75,2020-05-05,E,26.00,589.00,20.00,,,,,,,2.00,102.00,,,,
76,2020-05-05,0,47.00,2654.00,19.00,25.00,22.00,1378.00,1276.00,9.00,10.00,11.00,226.00,6.00,5.00,95.00,131.00
76,2020-05-05,A,2.00,334.00,,,,,,,,2.00,42.00,,,,
76,2020-05-05,B,20.00,921.00,6.00,,,,,,,6.00,99.00,,,,
76,2020-05-05,C,12.00,612.00,5.00,,,,,,,1.00,33.00,,,,
76,2020-05-05,D,6.00,282.00,3.00,,,,,,,2.00,17.00,,,,
76,2020-05-05,E,7.00,504.00,5.00,,,,,,,,35.00,,,,
84,2020-05-05,0,101.00,3128.00,48.00,49.00,52.00,1609.00,1519.00,23.00,25.00,28.00,564.00,12.00,16.00,246.00,318.00
84,2020-05-05,A,2.00,443.00,,,,,,,,2.00,80.00,,,,
84,2020-05-05,B,26.00,1087.00,5.00,,,,,,,13.00,221.00,,,,
84,2020-05-05,C,37.00,705.00,14.00,,,,,,,7.00,97.00,,,,
84,2020-05-05,D,14.00,320.00,10.00,,,,,,,3.00,58.00,,,,
84,2020-05-05,E,22.00,573.00,19.00,,,,,,,3.00,108.00,,,,
93,2020-05-05,0,68.00,2521.00,36.00,31.00,37.00,1288.00,1233.00,20.00,16.00,27.00,592.00,15.00,12.00,245.00,347.00
93,2020-05-05,A,,329.00,,,,,,,,6.00,115.00,,,,
93,2020-05-05,B,21.00,822.00,6.00,,,,,,,16.00,197.00,,,,
93,2020-05-05,C,22.00,575.00,9.00,,,,,,,3.00,120.00,,,,
93,2020-05-05,D,14.00,270.00,11.00,,,,,,,1.00,54.00,,,,
93,2020-05-05,E,11.00,525.00,10.00,,,,,,,1.00,106.00,,,,
94,2020-05-05,0,29.00,175.00,29.00,14.00,15.00,95.00,80.00,14.00,15.00,,30.00,,,11.00,15.00
94,2020-05-05,A,,11.00,,,,,,,,,5.00,,,,
94,2020-05-05,B,5.00,56.00,5.00,,,,,,,,9.00,,,,
94,2020-05-05,C,17.00,47.00,17.00,,,,,,,,8.00,,,,
94,2020-05-05,D,4.00,23.00,4.00,,,,,,,,6.00,,,,
94,2020-05-05,E,3.00,38.00,3.00,,,,,,,,1.00,,,,
01,2020-05-06,0,2.00,196.00,2.00,1.00,1.00,98.00,98.00,1.00,1.00,,,,,,
01,2020-05-06,A,,21.00,,,,,,,,,,,,,
01,2020-05-06,B,,72.00,,,,,,,,,,,,,
01,2020-05-06,C,,49.00,,,,,,,,,,,,,
01,2020-05-06,D,,17.00,,,,,,,,,,,,,
01,2020-05-06,E,2.00,37.00,2.00,,,,,,,,,,,,
02,2020-05-06,0,,,,,,,,,,1.00,96.00,1.00,,37.00,59.00
02,2020-05-06,A,,,,,,,,,,1.00,16.00,,,,
02,2020-05-06,B,,,,,,,,,,,22.00,,,,
02,2020-05-06,C,,,,,,,,,,,27.00,,,,
02,2020-05-06,D,,,,,,,,,,,9.00,,,,
02,2020-05-06,E,,,,,,,,,,,22.00,,,,
03,2020-05-06,0,,156.00,,,,82.00,74.00,,,,,,,,
03,2020-05-06,A,,31.00,,,,,,,,,,,,,
03,2020-05-06,B,,81.00,,,,,,,,,,,,,
03,2020-05-06,C,,29.00,,,,,,,,,,,,,
03,2020-05-06,D,,11.00,,,,,,,,,,,,,
03,2020-05-06,E,,4.00,,,,,,,,,,,,,
04,2020-05-06,0,,353.00,,,,207.00,146.00,,,,,,,,
04,2020-05-06,A,,52.00,,,,,,,,,,,,,
04,2020-05-06,B,,121.00,,,,,,,,,,,,,
04,2020-05-06,C,,95.00,,,,,,,,,,,,,
04,2020-05-06,D,,39.00,,,,,,,,,,,,,
04,2020-05-06,E,,46.00,,,,,,,,,,,,,
06,2020-05-06,0,32.00,115.00,3.00,16.00,16.00,64.00,51.00,,3.00,,,,,,
06,2020-05-06,A,2.00,35.00,,,,,,,,,,,,,
06,2020-05-06,B,20.00,47.00,2.00,,,,,,,,,,,,
06,2020-05-06,C,10.00,29.00,1.00,,,,,,,,,,,,
06,2020-05-06,D,,2.00,,,,,,,,,,,,,
06,2020-05-06,E,,2.00,,,,,,,,,,,,,
07,2020-05-06,0,,15.00,,,,7.00,8.00,,,,,,,,
07,2020-05-06,A,,2.00,,,,,,,,,,,,,
07,2020-05-06,B,,3.00,,,,,,,,,,,,,
07,2020-05-06,C,,8.00,,,,,,,,,,,,,
07,2020-05-06,D,,,,,,,,,,,,,,,
07,2020-05-06,E,,2.00,,,,,,,,,,,,,
08,2020-05-06,0,,6.00,,,,2.00,4.00,,,,,,,,
08,2020-05-06,A,,1.00,,,,,,,,,,,,,
08,2020-05-06,B,,3.00,,,,,,,,,,,,,
08,2020-05-06,C,,2.00,,,,,,,,,,,,,
08,2020-05-06,D,,,,,,,,,,,,,,,
08,2020-05-06,E,,,,,,,,,,,,,,,
11,2020-05-06,0,432.00,4473.00,68.00,205.00,225.00,2344.00,2125.00,42.00,26.00,50.00,824.00,20.00,30.00,331.00,493.00
11,2020-05-06,A,16.00,699.00,2.00,,,,,,,4.00,148.00,,,,
11,2020-05-06,B,123.00,1683.00,9.00,,,,,,,26.00,281.00,,,,
11,2020-05-06,C,100.00,988.00,14.00,,,,,,,12.00,181.00,,,,
11,2020-05-06,D,46.00,384.00,12.00,,,,,,,4.00,85.00,,,,
11,2020-05-06,E,147.00,719.00,31.00,,,,,,,4.00,121.00,,,,
24,2020-05-06,0,31.00,1128.00,13.00,12.00,19.00,559.00,568.00,6.00,7.00,10.00,210.00,1.00,9.00,97.00,113.00
24,2020-05-06,A,,193.00,,,,,,,,2.00,23.00,,,,
24,2020-05-06,B,6.00,352.00,2.00,,,,,,,5.00,108.00,,,,
24,2020-05-06,C,5.00,238.00,,,,,,,,3.00,47.00,,,,
24,2020-05-06,D,7.00,117.00,2.00,,,,,,,,9.00,,,,
24,2020-05-06,E,13.00,228.00,9.00,,,,,,,,23.00,,,,
27,2020-05-06,0,47.00,1358.00,29.00,20.00,27.00,696.00,662.00,11.00,18.00,13.00,174.00,5.00,8.00,73.00,101.00
27,2020-05-06,A,,170.00,,,,,,,,,21.00,,,,
27,2020-05-06,B,10.00,428.00,1.00,,,,,,,9.00,85.00,,,,
27,2020-05-06,C,14.00,317.00,5.00,,,,,,,4.00,39.00,,,,
27,2020-05-06,D,5.00,160.00,5.00,,,,,,,,8.00,,,,
27,2020-05-06,E,18.00,283.00,18.00,,,,,,,,21.00,,,,
28,2020-05-06,0,32.00,1511.00,16.00,11.00,21.00,777.00,734.00,6.00,10.00,12.00,243.00,5.00,7.00,107.00,136.00
28,2020-05-06,A,2.00,253.00,,,,,,,,2.00,55.00,,,,
28,2020-05-06,B,7.00,499.00,1.00,,,,,,,8.00,114.00,,,,
28,2020-05-06,C,9.00,326.00,2.00,,,,,,,2.00,32.00,,,,
28,2020-05-06,D,3.00,167.00,2.00,,,,,,,,17.00,,,,
28,2020-05-06,E,11.00,266.00,11.00,,,,,,,,25.00,,,,
32,2020-05-06,0,87.00,2410.00,35.00,35.00,52.00,1276.00,1134.00,18.00,17.00,23.00,427.00,5.00,18.00,185.00,242.00
32,2020-05-06,A,8.00,421.00,3.00,,,,,,,2.00,76.00,,,,
32,2020-05-06,B,22.00,802.00,1.00,,,,,,,15.00,214.00,,,,
32,2020-05-06,C,22.00,583.00,8.00,,,,,,,4.00,81.00,,,,
32,2020-05-06,D,12.00,232.00,9.00,,,,,,,1.00,19.00,,,,
32,2020-05-06,E,23.00,372.00,14.00,,,,,,,1.00,36.00,,,,
44,2020-05-06,0,91.00,2128.00,34.00,41.00,50.00,1086.00,1042.00,17.00,17.00,21.00,377.00,5.00,16.00,150.00,226.00
44,2020-05-06,A,2.00,308.00,,,,,,,,1.00,45.00,,,,
44,2020-05-06,B,28.00,679.00,4.00,,,,,,,12.00,191.00,,,,
44,2020-05-06,C,25.00,447.00,5.00,,,,,,,5.00,66.00,,,,
44,2020-05-06,D,8.00,244.00,4.00,,,,,,,2.00,21.00,,,,
44,2020-05-06,E,28.00,450.00,21.00,,,,,,,1.00,50.00,,,,
52,2020-05-06,0,47.00,1281.00,27.00,23.00,24.00,666.00,615.00,17.00,10.00,14.00,314.00,8.00,6.00,146.00,168.00
52,2020-05-06,A,,196.00,,,,,,,,1.00,45.00,,,,
52,2020-05-06,B,8.00,411.00,1.00,,,,,,,6.00,117.00,,,,
52,2020-05-06,C,15.00,291.00,6.00,,,,,,,3.00,64.00,,,,
52,2020-05-06,D,7.00,137.00,6.00,,,,,,,3.00,28.00,,,,
52,2020-05-06,E,17.00,246.00,14.00,,,,,,,1.00,60.00,,,,
53,2020-05-06,0,37.00,1191.00,20.00,21.00,16.00,656.00,535.00,9.00,11.00,8.00,232.00,5.00,3.00,97.00,135.00
53,2020-05-06,A,2.00,192.00,,,,,,,,2.00,31.00,,,,
53,2020-05-06,B,6.00,346.00,2.00,,,,,,,4.00,100.00,,,,
53,2020-05-06,C,13.00,252.00,7.00,,,,,,,,45.00,,,,
53,2020-05-06,D,9.00,138.00,5.00,,,,,,,2.00,20.00,,,,
53,2020-05-06,E,7.00,263.00,6.00,,,,,,,,36.00,,,,
75,2020-05-06,0,67.00,2744.00,39.00,39.00,28.00,1489.00,1255.00,23.00,16.00,25.00,757.00,11.00,14.00,304.00,453.00
75,2020-05-06,A,2.00,339.00,1.00,,,,,,,3.00,116.00,,,,
75,2020-05-06,B,12.00,808.00,7.00,,,,,,,13.00,303.00,,,,
75,2020-05-06,C,20.00,667.00,6.00,,,,,,,6.00,154.00,,,,
75,2020-05-06,D,15.00,328.00,9.00,,,,,,,1.00,59.00,,,,
75,2020-05-06,E,18.00,602.00,16.00,,,,,,,2.00,123.00,,,,
76,2020-05-06,0,35.00,2743.00,13.00,13.00,22.00,1467.00,1276.00,6.00,7.00,13.00,261.00,9.00,4.00,92.00,169.00
76,2020-05-06,A,4.00,367.00,,,,,,,,,37.00,,,,
76,2020-05-06,B,12.00,894.00,2.00,,,,,,,10.00,128.00,,,,
76,2020-05-06,C,9.00,632.00,4.00,,,,,,,1.00,50.00,,,,
76,2020-05-06,D,4.00,322.00,2.00,,,,,,,,18.00,,,,
76,2020-05-06,E,6.00,528.00,5.00,,,,,,,2.00,28.00,,,,
84,2020-05-06,0,84.00,3387.00,35.00,31.00,53.00,1800.00,1587.00,12.00,23.00,29.00,601.00,14.00,15.00,274.00,326.00
84,2020-05-06,A,1.00,531.00,1.00,,,,,,,2.00,70.00,,,,
84,2020-05-06,B,19.00,1164.00,3.00,,,,,,,19.00,250.00,,,,
84,2020-05-06,C,23.00,751.00,6.00,,,,,,,3.00,115.00,,,,
84,2020-05-06,D,14.00,353.00,5.00,,,,,,,1.00,50.00,,,,
84,2020-05-06,E,27.00,587.00,20.00,,,,,,,4.00,115.00,,,,
93,2020-05-06,0,49.00,2587.00,33.00,23.00,26.00,1325.00,1262.00,16.00,17.00,32.00,592.00,10.00,22.00,240.00,352.00
93,2020-05-06,A,1.00,385.00,,,,,,,,5.00,96.00,,,,
93,2020-05-06,B,12.00,824.00,4.00,,,,,,,17.00,198.00,,,,
93,2020-05-06,C,11.00,602.00,7.00,,,,,,,3.00,116.00,,,,
93,2020-05-06,D,7.00,269.00,5.00,,,,,,,1.00,55.00,,,,
93,2020-05-06,E,18.00,507.00,17.00,,,,,,,6.00,125.00,,,,
94,2020-05-06,0,32.00,191.00,31.00,19.00,13.00,99.00,92.00,18.00,13.00,1.00,18.00,,1.00,6.00,12.00
94,2020-05-06,A,,14.00,,,,,,,,,4.00,,,,
94,2020-05-06,B,14.00,63.00,14.00,,,,,,,1.00,5.00,,,,
94,2020-05-06,C,13.00,66.00,13.00,,,,,,,,6.00,,,,
94,2020-05-06,D,2.00,16.00,2.00,,,,,,,,,,,,
94,2020-05-06,E,3.00,32.00,2.00,,,,,,,,3.00,,,,
01,2020-05-07,0,2.00,222.00,1.00,1.00,1.00,95.00,127.00,1.00,,,,,,,
01,2020-05-07,A,,35.00,,,,,,,,,,,,,
01,2020-05-07,B,,86.00,,,,,,,,,,,,,
01,2020-05-07,C,2.00,61.00,1.00,,,,,,,,,,,,
01,2020-05-07,D,,22.00,,,,,,,,,,,,,
01,2020-05-07,E,,18.00,,,,,,,,,,,,,
02,2020-05-07,0,,,,,,,,,,1.00,84.00,,1.00,26.00,58.00
02,2020-05-07,A,,,,,,,,,,,8.00,,,,
02,2020-05-07,B,,,,,,,,,,,23.00,,,,
02,2020-05-07,C,,,,,,,,,,1.00,24.00,,,,
02,2020-05-07,D,,,,,,,,,,,8.00,,,,
02,2020-05-07,E,,,,,,,,,,,21.00,,,,
03,2020-05-07,0,2.00,154.00,,1.00,1.00,77.00,77.00,,,,,,,,
03,2020-05-07,A,,37.00,,,,,,,,,,,,,
03,2020-05-07,B,2.00,61.00,,,,,,,,,,,,,
03,2020-05-07,C,,38.00,,,,,,,,,,,,,
03,2020-05-07,D,,9.00,,,,,,,,,,,,,
03,2020-05-07,E,,9.00,,,,,,,,,,,,,
04,2020-05-07,0,3.00,344.00,2.00,2.00,1.00,185.00,159.00,1.00,1.00,,,,,,
04,2020-05-07,A,,46.00,,,,,,,,,,,,,
04,2020-05-07,B,2.00,126.00,1.00,,,,,,,,,,,,
04,2020-05-07,C,,93.00,,,,,,,,,,,,,
04,2020-05-07,D,,35.00,,,,,,,,,,,,,
04,2020-05-07,E,1.00,44.00,1.00,,,,,,,,,,,,
06,2020-05-07,0,37.00,99.00,5.00,16.00,21.00,48.00,51.00,2.00,3.00,,,,,,
06,2020-05-07,A,1.00,15.00,,,,,,,,,,,,,
06,2020-05-07,B,20.00,53.00,1.00,,,,,,,,,,,,
06,2020-05-07,C,13.00,26.00,3.00,,,,,,,,,,,,
06,2020-05-07,D,1.00,3.00,,,,,,,,,,,,,
06,2020-05-07,E,2.00,2.00,1.00,,,,,,,,,,,,
07,2020-05-07,0,,17.00,,,,9.00,8.00,,,,,,,,
07,2020-05-07,A,,2.00,,,,,,,,,,,,,
07,2020-05-07,B,,4.00,,,,,,,,,,,,,
07,2020-05-07,C,,8.00,,,,,,,,,,,,,
07,2020-05-07,D,,1.00,,,,,,,,,,,,,
07,2020-05-07,E,,2.00,,,,,,,,,,,,,
08,2020-05-07,0,,21.00,,,,9.00,12.00,,,,,,,,
08,2020-05-07,A,,2.00,,,,,,,,,,,,,
08,2020-05-07,B,,10.00,,,,,,,,,,,,,
08,2020-05-07,C,,6.00,,,,,,,,,,,,,
08,2020-05-07,D,,3.00,,,,,,,,,,,,,
08,2020-05-07,E,,,,,,,,,,,,,,,
11,2020-05-07,0,361.00,4706.00,66.00,144.00,216.00,2446.00,2258.00,34.00,32.00,27.00,859.00,8.00,19.00,352.00,506.00
11,2020-05-07,A,6.00,720.00,,,,,,,,,134.00,,,,
11,2020-05-07,B,154.00,1865.00,11.00,,,,,,,16.00,326.00,,,,
11,2020-05-07,C,139.00,1123.00,16.00,,,,,,,8.00,160.00,,,,
11,2020-05-07,D,22.00,398.00,8.00,,,,,,,2.00,70.00,,,,
11,2020-05-07,E,40.00,600.00,31.00,,,,,,,1.00,165.00,,,,
24,2020-05-07,0,37.00,1218.00,6.00,16.00,21.00,626.00,591.00,4.00,2.00,6.00,215.00,5.00,1.00,101.00,114.00
24,2020-05-07,A,,195.00,,,,,,,,,22.00,,,,
24,2020-05-07,B,15.00,348.00,,,,,,,,5.00,115.00,,,,
24,2020-05-07,C,9.00,264.00,,,,,,,,1.00,45.00,,,,
24,2020-05-07,D,8.00,149.00,3.00,,,,,,,,10.00,,,,
24,2020-05-07,E,5.00,262.00,3.00,,,,,,,,23.00,,,,
27,2020-05-07,0,49.00,1476.00,23.00,30.00,19.00,746.00,730.00,15.00,8.00,4.00,165.00,1.00,3.00,73.00,92.00
27,2020-05-07,A,1.00,169.00,,,,,,,,1.00,29.00,,,,
27,2020-05-07,B,12.00,473.00,4.00,,,,,,,3.00,78.00,,,,
27,2020-05-07,C,14.00,335.00,2.00,,,,,,,,28.00,,,,
27,2020-05-07,D,5.00,163.00,3.00,,,,,,,,7.00,,,,
27,2020-05-07,E,17.00,336.00,14.00,,,,,,,,23.00,,,,
28,2020-05-07,0,36.00,1698.00,22.00,11.00,25.00,864.00,833.00,8.00,14.00,16.00,265.00,9.00,7.00,90.00,175.00
28,2020-05-07,A,,303.00,,,,,,,,2.00,44.00,,,,
28,2020-05-07,B,10.00,502.00,4.00,,,,,,,12.00,122.00,,,,
28,2020-05-07,C,9.00,381.00,7.00,,,,,,,2.00,41.00,,,,
28,2020-05-07,D,5.00,196.00,3.00,,,,,,,,23.00,,,,
28,2020-05-07,E,12.00,316.00,8.00,,,,,,,,35.00,,,,
32,2020-05-07,0,69.00,2627.00,24.00,32.00,37.00,1333.00,1293.00,13.00,11.00,14.00,498.00,4.00,10.00,212.00,286.00
32,2020-05-07,A,3.00,435.00,1.00,,,,,,,,99.00,,,,
32,2020-05-07,B,23.00,916.00,4.00,,,,,,,11.00,241.00,,,,
32,2020-05-07,C,17.00,608.00,5.00,,,,,,,1.00,83.00,,,,
32,2020-05-07,D,9.00,261.00,4.00,,,,,,,1.00,27.00,,,,
32,2020-05-07,E,17.00,406.00,10.00,,,,,,,1.00,42.00,,,,
44,2020-05-07,0,84.00,2392.00,34.00,34.00,50.00,1252.00,1140.00,18.00,16.00,25.00,431.00,9.00,16.00,179.00,252.00
44,2020-05-07,A,3.00,346.00,2.00,,,,,,,4.00,61.00,,,,
44,2020-05-07,B,33.00,747.00,5.00,,,,,,,14.00,192.00,,,,
44,2020-05-07,C,17.00,539.00,5.00,,,,,,,5.00,76.00,,,,
44,2020-05-07,D,7.00,275.00,5.00,,,,,,,1.00,36.00,,,,
44,2020-05-07,E,24.00,485.00,17.00,,,,,,,1.00,66.00,,,,
52,2020-05-07,0,60.00,1421.00,34.00,19.00,41.00,718.00,703.00,12.00,22.00,11.00,332.00,5.00,6.00,128.00,203.00
52,2020-05-07,A,,243.00,,,,,,,,2.00,65.00,,,,
52,2020-05-07,B,14.00,428.00,1.00,,,,,,,5.00,113.00,,,,
52,2020-05-07,C,10.00,299.00,3.00,,,,,,,1.00,64.00,,,,
52,2020-05-07,D,12.00,149.00,8.00,,,,,,,1.00,28.00,,,,
52,2020-05-07,E,24.00,302.00,22.00,,,,,,,2.00,61.00,,,,
53,2020-05-07,0,33.00,1498.00,25.00,17.00,16.00,741.00,757.00,12.00,13.00,10.00,262.00,8.00,2.00,108.00,154.00
53,2020-05-07,A,,268.00,,,,,,,,,38.00,,,,
53,2020-05-07,B,8.00,413.00,5.00,,,,,,,9.00,103.00,,,,
53,2020-05-07,C,8.00,311.00,5.00,,,,,,,,49.00,,,,
53,2020-05-07,D,7.00,178.00,6.00,,,,,,,,28.00,,,,
53,2020-05-07,E,10.00,328.00,9.00,,,,,,,1.00,44.00,,,,
75,2020-05-07,0,43.00,2900.00,25.00,23.00,20.00,1521.00,1379.00,17.00,8.00,26.00,812.00,13.00,13.00,322.00,490.00
75,2020-05-07,A,1.00,386.00,,,,,,,,3.00,127.00,,,,
75,2020-05-07,B,10.00,855.00,,,,,,,,12.00,327.00,,,,
75,2020-05-07,C,13.00,682.00,8.00,,,,,,,6.00,169.00,,,,
75,2020-05-07,D,7.00,370.00,6.00,,,,,,,2.00,54.00,,,,
75,2020-05-07,E,12.00,607.00,11.00,,,,,,,3.00,133.00,,,,
76,2020-05-07,0,43.00,2938.00,21.00,22.00,21.00,1521.00,1417.00,9.00,12.00,14.00,289.00,5.00,9.00,117.00,172.00
76,2020-05-07,A,7.00,425.00,1.00,,,,,,,2.00,64.00,,,,
76,2020-05-07,B,11.00,959.00,1.00,,,,,,,7.00,112.00,,,,
76,2020-05-07,C,8.00,687.00,4.00,,,,,,,4.00,56.00,,,,
76,2020-05-07,D,6.00,317.00,4.00,,,,,,,,23.00,,,,
76,2020-05-07,E,11.00,550.00,11.00,,,,,,,1.00,34.00,,,,
84,2020-05-07,0,115.00,3660.00,47.00,52.00,63.00,1864.00,1796.00,23.00,24.00,24.00,652.00,7.00,17.00,281.00,371.00
84,2020-05-07,A,2.00,580.00,1.00,,,,,,,2.00,95.00,,,,
84,2020-05-07,B,32.00,1241.00,1.00,,,,,,,14.00,272.00,,,,
84,2020-05-07,C,28.00,816.00,7.00,,,,,,,5.00,105.00,,,,
84,2020-05-07,D,14.00,345.00,8.00,,,,,,,1.00,65.00,,,,
84,2020-05-07,E,39.00,677.00,30.00,,,,,,,2.00,113.00,,,,
93,2020-05-07,0,52.00,2775.00,25.00,33.00,19.00,1427.00,1347.00,15.00,10.00,26.00,573.00,7.00,19.00,220.00,353.00
93,2020-05-07,A,1.00,412.00,,,,,,,,,85.00,,,,
93,2020-05-07,B,21.00,900.00,8.00,,,,,,,15.00,181.00,,,,
93,2020-05-07,C,10.00,615.00,4.00,,,,,,,6.00,129.00,,,,
93,2020-05-07,D,8.00,278.00,5.00,,,,,,,3.00,51.00,,,,
93,2020-05-07,E,12.00,570.00,8.00,,,,,,,2.00,127.00,,,,
94,2020-05-07,0,35.00,179.00,32.00,9.00,26.00,80.00,99.00,7.00,25.00,2.00,27.00,1.00,1.00,7.00,16.00
94,2020-05-07,A,,16.00,,,,,,,,1.00,2.00,,,,
94,2020-05-07,B,15.00,58.00,13.00,,,,,,,1.00,13.00,,,,
94,2020-05-07,C,16.00,63.00,15.00,,,,,,,,8.00,,,,
94,2020-05-07,D,1.00,13.00,1.00,,,,,,,,2.00,,,,
94,2020-05-07,E,3.00,29.00,3.00,,,,,,,,2.00,,,,
01,2020-05-08,0,2.00,163.00,,,2.00,68.00,94.00,,,,,,,,
01,2020-05-08,A,,17.00,,,,,,,,,,,,,
01,2020-05-08,B,1.00,69.00,,,,,,,,,,,,,
01,2020-05-08,C,1.00,43.00,,,,,,,,,,,,,
01,2020-05-08,D,,10.00,,,,,,,,,,,,,
01,2020-05-08,E,,24.00,,,,,,,,,,,,,
02,2020-05-08,0,,,,,,,,,,,66.00,,,31.00,35.00
02,2020-05-08,A,,,,,,,,,,,8.00,,,,
02,2020-05-08,B,,,,,,,,,,,18.00,,,,
02,2020-05-08,C,,,,,,,,,,,19.00,,,,
02,2020-05-08,D,,,,,,,,,,,9.00,,,,
02,2020-05-08,E,,,,,,,,,,,12.00,,,,
03,2020-05-08,0,2.00,155.00,1.00,1.00,1.00,69.00,86.00,1.00,,,,,,,
03,2020-05-08,A,,27.00,,,,,,,,,,,,,
03,2020-05-08,B,2.00,75.00,1.00,,,,,,,,,,,,
03,2020-05-08,C,,39.00,,,,,,,,,,,,,
03,2020-05-08,D,,7.00,,,,,,,,,,,,,
03,2020-05-08,E,,7.00,,,,,,,,,,,,,
04,2020-05-08,0,2.00,363.00,2.00,1.00,1.00,184.00,179.00,1.00,1.00,,,,,,
04,2020-05-08,A,,54.00,,,,,,,,,,,,,
04,2020-05-08,B,2.00,125.00,2.00,,,,,,,,,,,,
04,2020-05-08,C,,109.00,,,,,,,,,,,,,
04,2020-05-08,D,,39.00,,,,,,,,,,,,,
04,2020-05-08,E,,36.00,,,,,,,,,,,,,
06,2020-05-08,0,28.00,117.00,6.00,16.00,12.00,69.00,48.00,4.00,2.00,,,,,,
06,2020-05-08,A,1.00,27.00,1.00,,,,,,,,,,,,
06,2020-05-08,B,13.00,55.00,1.00,,,,,,,,,,,,
06,2020-05-08,C,10.00,28.00,1.00,,,,,,,,,,,,
06,2020-05-08,D,2.00,3.00,1.00,,,,,,,,,,,,
06,2020-05-08,E,2.00,4.00,2.00,,,,,,,,,,,,
07,2020-05-08,0,,11.00,,,,6.00,5.00,,,,,,,,
07,2020-05-08,A,,2.00,,,,,,,,,,,,,
07,2020-05-08,B,,1.00,,,,,,,,,,,,,
07,2020-05-08,C,,8.00,,,,,,,,,,,,,
07,2020-05-08,D,,,,,,,,,,,,,,,
07,2020-05-08,E,,,,,,,,,,,,,,,
08,2020-05-08,0,,9.00,,,,4.00,5.00,,,,,,,,
08,2020-05-08,A,,2.00,,,,,,,,,,,,,
08,2020-05-08,B,,1.00,,,,,,,,,,,,,
08,2020-05-08,C,,4.00,,,,,,,,,,,,,
08,2020-05-08,D,,1.00,,,,,,,,,,,,,
08,2020-05-08,E,,1.00,,,,,,,,,,,,,
11,2020-05-08,0,220.00,4458.00,37.00,106.00,114.00,2315.00,2141.00,21.00,16.00,65.00,1195.00,33.00,31.00,497.00,695.00
11,2020-05-08,A,6.00,797.00,,,,,,,,10.00,224.00,,,,
11,2020-05-08,B,110.00,1817.00,2.00,,,,,,,29.00,409.00,,,,
11,2020-05-08,C,61.00,1024.00,10.00,,,,,,,17.00,271.00,,,,
11,2020-05-08,D,12.00,300.00,5.00,,,,,,,5.00,103.00,,,,
11,2020-05-08,E,31.00,520.00,20.00,,,,,,,4.00,183.00,,,,
24,2020-05-08,0,32.00,1101.00,10.00,13.00,19.00,560.00,541.00,5.00,5.00,9.00,272.00,3.00,6.00,105.00,167.00
24,2020-05-08,A,,193.00,,,,,,,,,47.00,,,,
24,2020-05-08,B,9.00,355.00,1.00,,,,,,,4.00,135.00,,,,
24,2020-05-08,C,8.00,259.00,1.00,,,,,,,2.00,41.00,,,,
24,2020-05-08,D,4.00,112.00,1.00,,,,,,,1.00,17.00,,,,
24,2020-05-08,E,11.00,182.00,7.00,,,,,,,2.00,31.00,,,,
27,2020-05-08,0,40.00,1344.00,26.00,15.00,25.00,717.00,627.00,11.00,15.00,10.00,248.00,5.00,5.00,107.00,141.00
27,2020-05-08,A,,195.00,,,,,,,,1.00,39.00,,,,
27,2020-05-08,B,11.00,450.00,2.00,,,,,,,7.00,100.00,,,,
27,2020-05-08,C,8.00,282.00,5.00,,,,,,,1.00,52.00,,,,
27,2020-05-08,D,8.00,177.00,8.00,,,,,,,,20.00,,,,
27,2020-05-08,E,13.00,239.00,11.00,,,,,,,1.00,37.00,,,,
28,2020-05-08,0,18.00,1335.00,10.00,12.00,6.00,700.00,635.00,8.00,2.00,14.00,393.00,6.00,8.00,161.00,232.00
28,2020-05-08,A,2.00,282.00,,,,,,,,1.00,73.00,,,,
28,2020-05-08,B,4.00,437.00,,,,,,,,9.00,151.00,,,,
28,2020-05-08,C,4.00,278.00,3.00,,,,,,,3.00,76.00,,,,
28,2020-05-08,D,4.00,125.00,3.00,,,,,,,1.00,24.00,,,,
28,2020-05-08,E,4.00,213.00,4.00,,,,,,,,69.00,,,,
32,2020-05-08,0,77.00,2505.00,30.00,43.00,34.00,1299.00,1206.00,22.00,8.00,19.00,569.00,10.00,9.00,257.00,311.00
32,2020-05-08,A,8.00,476.00,2.00,,,,,,,3.00,127.00,,,,
32,2020-05-08,B,19.00,905.00,2.00,,,,,,,11.00,262.00,,,,
32,2020-05-08,C,16.00,523.00,8.00,,,,,,,2.00,86.00,,,,
32,2020-05-08,D,8.00,224.00,3.00,,,,,,,2.00,35.00,,,,
32,2020-05-08,E,26.00,376.00,15.00,,,,,,,1.00,58.00,,,,
44,2020-05-08,0,55.00,2204.00,23.00,23.00,32.00,1148.00,1056.00,14.00,9.00,26.00,695.00,9.00,17.00,288.00,407.00
44,2020-05-08,A,1.00,359.00,1.00,,,,,,,1.00,134.00,,,,
44,2020-05-08,B,21.00,733.00,2.00,,,,,,,19.00,258.00,,,,
44,2020-05-08,C,8.00,476.00,2.00,,,,,,,2.00,132.00,,,,
44,2020-05-08,D,4.00,246.00,4.00,,,,,,,3.00,56.00,,,,
44,2020-05-08,E,21.00,390.00,14.00,,,,,,,1.00,111.00,,,,
52,2020-05-08,0,34.00,1157.00,22.00,16.00,18.00,631.00,526.00,11.00,11.00,21.00,490.00,13.00,8.00,206.00,284.00
52,2020-05-08,A,,182.00,,,,,,,,2.00,83.00,,,,
52,2020-05-08,B,11.00,408.00,3.00,,,,,,,11.00,176.00,,,,
52,2020-05-08,C,3.00,250.00,1.00,,,,,,,4.00,103.00,,,,
52,2020-05-08,D,2.00,105.00,2.00,,,,,,,1.00,37.00,,,,
52,2020-05-08,E,18.00,212.00,16.00,,,,,,,3.00,90.00,,,,
53,2020-05-08,0,16.00,1467.00,9.00,7.00,9.00,718.00,749.00,4.00,5.00,9.00,371.00,6.00,3.00,152.00,219.00
53,2020-05-08,A,,280.00,,,,,,,,,66.00,,,,
53,2020-05-08,B,9.00,457.00,4.00,,,,,,,6.00,152.00,,,,
53,2020-05-08,C,2.00,318.00,2.00,,,,,,,3.00,82.00,,,,
53,2020-05-08,D,1.00,151.00,1.00,,,,,,,,27.00,,,,
53,2020-05-08,E,4.00,261.00,2.00,,,,,,,,44.00,,,,
75,2020-05-08,0,34.00,2824.00,15.00,14.00,20.00,1477.00,1347.00,7.00,8.00,41.00,1096.00,19.00,22.00,443.00,653.00
75,2020-05-08,A,,442.00,,,,,,,,8.00,233.00,,,,
75,2020-05-08,B,9.00,941.00,,,,,,,,21.00,418.00,,,,
75,2020-05-08,C,10.00,648.00,6.00,,,,,,,6.00,190.00,,,,
75,2020-05-08,D,7.00,303.00,5.00,,,,,,,3.00,92.00,,,,
75,2020-05-08,E,8.00,490.00,4.00,,,,,,,3.00,162.00,,,,
76,2020-05-08,0,42.00,2945.00,23.00,29.00,13.00,1529.00,1416.00,16.00,7.00,15.00,450.00,8.00,6.00,177.00,260.00
76,2020-05-08,A,6.00,481.00,,,,,,,,,86.00,,,,
76,2020-05-08,B,12.00,1020.00,4.00,,,,,,,12.00,184.00,,,,
76,2020-05-08,C,9.00,674.00,8.00,,,,,,,1.00,78.00,,,,
76,2020-05-08,D,5.00,306.00,3.00,,,,,,,1.00,47.00,,,,
76,2020-05-08,E,10.00,464.00,8.00,,,,,,,1.00,55.00,,,,
84,2020-05-08,0,61.00,3497.00,22.00,25.00,36.00,1783.00,1714.00,11.00,11.00,49.00,887.00,20.00,28.00,347.00,537.00
84,2020-05-08,A,1.00,628.00,,,,,,,,4.00,141.00,,,,
84,2020-05-08,B,27.00,1294.00,4.00,,,,,,,26.00,350.00,,,,
84,2020-05-08,C,10.00,729.00,2.00,,,,,,,9.00,156.00,,,,
84,2020-05-08,D,8.00,334.00,4.00,,,,,,,4.00,67.00,,,,
84,2020-05-08,E,15.00,512.00,12.00,,,,,,,6.00,172.00,,,,
93,2020-05-08,0,47.00,2834.00,19.00,18.00,29.00,1443.00,1390.00,11.00,8.00,35.00,819.00,14.00,21.00,333.00,486.00
93,2020-05-08,A,2.00,462.00,,,,,,,,7.00,143.00,,,,
93,2020-05-08,B,16.00,963.00,3.00,,,,,,,16.00,264.00,,,,
93,2020-05-08,C,16.00,646.00,5.00,,,,,,,5.00,163.00,,,,
93,2020-05-08,D,4.00,287.00,3.00,,,,,,,3.00,71.00,,,,
93,2020-05-08,E,9.00,476.00,8.00,,,,,,,4.00,176.00,,,,
94,2020-05-08,0,2.00,156.00,1.00,2.00,,92.00,64.00,1.00,,2.00,34.00,1.00,1.00,13.00,21.00
94,2020-05-08,A,,22.00,,,,,,,,,7.00,,,,
94,2020-05-08,B,1.00,49.00,,,,,,,,2.00,10.00,,,,
94,2020-05-08,C,,43.00,,,,,,,,,10.00,,,,
94,2020-05-08,D,,11.00,,,,,,,,,6.00,,,,
94,2020-05-08,E,1.00,31.00,1.00,,,,,,,,1.00,,,,
01,2020-05-09,0,4.00,176.00,1.00,1.00,3.00,95.00,81.00,,1.00,,,,,,
01,2020-05-09,A,,35.00,,,,,,,,,,,,,
01,2020-05-09,B,3.00,70.00,,,,,,,,,,,,,
01,2020-05-09,C,1.00,41.00,1.00,,,,,,,,,,,,
01,2020-05-09,D,,16.00,,,,,,,,,,,,,
01,2020-05-09,E,,14.00,,,,,,,,,,,,,
02,2020-05-09,0,,,,,,,,,,,95.00,,,40.00,55.00
02,2020-05-09,A,,,,,,,,,,,10.00,,,,
02,2020-05-09,B,,,,,,,,,,,23.00,,,,
02,2020-05-09,C,,,,,,,,,,,26.00,,,,
02,2020-05-09,D,,,,,,,,,,,12.00,,,,
02,2020-05-09,E,,,,,,,,,,,24.00,,,,
03,2020-05-09,0,2.00,136.00,1.00,1.00,1.00,80.00,56.00,1.00,,,,,,,
03,2020-05-09,A,,27.00,,,,,,,,,,,,,
03,2020-05-09,B,1.00,61.00,1.00,,,,,,,,,,,,
03,2020-05-09,C,1.00,40.00,,,,,,,,,,,,,
03,2020-05-09,D,,5.00,,,,,,,,,,,,,
03,2020-05-09,E,,3.00,,,,,,,,,,,,,
04,2020-05-09,0,1.00,388.00,1.00,1.00,,225.00,163.00,1.00,,,,,,,
04,2020-05-09,A,,68.00,,,,,,,,,,,,,
04,2020-05-09,B,1.00,124.00,1.00,,,,,,,,,,,,
04,2020-05-09,C,,109.00,,,,,,,,,,,,,
04,2020-05-09,D,,32.00,,,,,,,,,,,,,
04,2020-05-09,E,,55.00,,,,,,,,,,,,,
06,2020-05-09,0,43.00,117.00,6.00,17.00,26.00,56.00,61.00,4.00,2.00,,,,,,
06,2020-05-09,A,2.00,23.00,,,,,,,,,,,,,
06,2020-05-09,B,33.00,70.00,2.00,,,,,,,,,,,,
06,2020-05-09,C,4.00,15.00,1.00,,,,,,,,,,,,
06,2020-05-09,D,4.00,7.00,3.00,,,,,,,,,,,,
06,2020-05-09,E,,2.00,,,,,,,,,,,,,
07,2020-05-09,0,,28.00,,,,20.00,8.00,,,,,,,,
07,2020-05-09,A,,4.00,,,,,,,,,,,,,
07,2020-05-09,B,,15.00,,,,,,,,,,,,,
07,2020-05-09,C,,6.00,,,,,,,,,,,,,
07,2020-05-09,D,,1.00,,,,,,,,,,,,,
07,2020-05-09,E,,2.00,,,,,,,,,,,,,
08,2020-05-09,0,,12.00,,,,7.00,5.00,,,,,,,,
08,2020-05-09,A,,5.00,,,,,,,,,,,,,
08,2020-05-09,B,,4.00,,,,,,,,,,,,,
08,2020-05-09,C,,2.00,,,,,,,,,,,,,
08,2020-05-09,D,,1.00,,,,,,,,,,,,,
08,2020-05-09,E,,,,,,,,,,,,,,,
11,2020-05-09,0,212.00,4720.00,62.00,83.00,129.00,2412.00,2307.00,20.00,42.00,68.00,1265.00,37.00,31.00,481.00,784.00
11,2020-05-09,A,7.00,761.00,1.00,,,,,,,5.00,223.00,,,,
11,2020-05-09,B,94.00,1854.00,10.00,,,,,,,33.00,425.00,,,,
11,2020-05-09,C,49.00,1118.00,10.00,,,,,,,18.00,293.00,,,,
11,2020-05-09,D,21.00,392.00,11.00,,,,,,,6.00,106.00,,,,
11,2020-05-09,E,41.00,595.00,30.00,,,,,,,6.00,217.00,,,,
24,2020-05-09,0,35.00,1176.00,7.00,21.00,14.00,592.00,584.00,5.00,2.00,17.00,289.00,7.00,10.00,120.00,169.00
24,2020-05-09,A,,177.00,,,,,,,,1.00,50.00,,,,
24,2020-05-09,B,9.00,375.00,2.00,,,,,,,11.00,119.00,,,,
24,2020-05-09,C,12.00,278.00,2.00,,,,,,,3.00,51.00,,,,
24,2020-05-09,D,3.00,122.00,,,,,,,,2.00,29.00,,,,
24,2020-05-09,E,11.00,224.00,3.00,,,,,,,,39.00,,,,
27,2020-05-09,0,59.00,1495.00,35.00,33.00,26.00,803.00,691.00,19.00,16.00,8.00,205.00,3.00,5.00,89.00,116.00
27,2020-05-09,A,4.00,188.00,2.00,,,,,,,1.00,28.00,,,,
27,2020-05-09,B,14.00,433.00,3.00,,,,,,,4.00,86.00,,,,
27,2020-05-09,C,11.00,373.00,4.00,,,,,,,3.00,40.00,,,,
27,2020-05-09,D,14.00,175.00,11.00,,,,,,,,21.00,,,,
27,2020-05-09,E,16.00,326.00,15.00,,,,,,,,29.00,,,,
28,2020-05-09,0,27.00,1640.00,12.00,13.00,14.00,873.00,766.00,5.00,7.00,20.00,500.00,12.00,8.00,185.00,315.00
28,2020-05-09,A,,255.00,,,,,,,,3.00,91.00,,,,
28,2020-05-09,B,6.00,541.00,1.00,,,,,,,8.00,190.00,,,,
28,2020-05-09,C,7.00,385.00,3.00,,,,,,,5.00,98.00,,,,
28,2020-05-09,D,5.00,163.00,1.00,,,,,,,,30.00,,,,
28,2020-05-09,E,9.00,296.00,7.00,,,,,,,4.00,91.00,,,,
32,2020-05-09,0,71.00,2789.00,32.00,28.00,43.00,1412.00,1377.00,15.00,17.00,22.00,790.00,8.00,14.00,333.00,457.00
32,2020-05-09,A,4.00,501.00,1.00,,,,,,,4.00,160.00,,,,
32,2020-05-09,B,13.00,1002.00,3.00,,,,,,,9.00,342.00,,,,
32,2020-05-09,C,20.00,588.00,6.00,,,,,,,8.00,156.00,,,,
32,2020-05-09,D,10.00,276.00,4.00,,,,,,,,54.00,,,,
32,2020-05-09,E,24.00,422.00,18.00,,,,,,,1.00,74.00,,,,
44,2020-05-09,0,64.00,2445.00,32.00,22.00,42.00,1278.00,1167.00,12.00,20.00,42.00,761.00,15.00,27.00,307.00,454.00
44,2020-05-09,A,1.00,415.00,,,,,,,,2.00,146.00,,,,
44,2020-05-09,B,21.00,791.00,4.00,,,,,,,26.00,299.00,,,,
44,2020-05-09,C,17.00,538.00,8.00,,,,,,,8.00,138.00,,,,
44,2020-05-09,D,9.00,264.00,7.00,,,,,,,2.00,62.00,,,,
44,2020-05-09,E,16.00,437.00,13.00,,,,,,,4.00,116.00,,,,
52,2020-05-09,0,58.00,1412.00,34.00,23.00,35.00,705.00,707.00,17.00,17.00,22.00,569.00,8.00,14.00,233.00,335.00
52,2020-05-09,A,,237.00,,,,,,,,2.00,104.00,,,,
52,2020-05-09,B,14.00,461.00,2.00,,,,,,,11.00,215.00,,,,
52,2020-05-09,C,11.00,314.00,4.00,,,,,,,7.00,114.00,,,,
52,2020-05-09,D,9.00,159.00,6.00,,,,,,,1.00,41.00,,,,
52,2020-05-09,E,24.00,241.00,22.00,,,,,,,1.00,95.00,,,,
53,2020-05-09,0,45.00,1622.00,26.00,15.00,30.00,823.00,799.00,9.00,17.00,11.00,410.00,2.00,9.00,163.00,247.00
53,2020-05-09,A,2.00,286.00,,,,,,,,,57.00,,,,
53,2020-05-09,B,9.00,509.00,1.00,,,,,,,3.00,164.00,,,,
53,2020-05-09,C,14.00,338.00,6.00,,,,,,,5.00,85.00,,,,
53,2020-05-09,D,7.00,173.00,6.00,,,,,,,1.00,19.00,,,,
53,2020-05-09,E,13.00,316.00,13.00,,,,,,,2.00,85.00,,,,
75,2020-05-09,0,35.00,2965.00,10.00,20.00,15.00,1520.00,1445.00,6.00,4.00,46.00,1315.00,20.00,26.00,544.00,770.00
75,2020-05-09,A,,404.00,,,,,,,,11.00,240.00,,,,
75,2020-05-09,B,11.00,896.00,,,,,,,,17.00,486.00,,,,
75,2020-05-09,C,7.00,704.00,1.00,,,,,,,11.00,247.00,,,,
75,2020-05-09,D,6.00,341.00,1.00,,,,,,,4.00,124.00,,,,
75,2020-05-09,E,11.00,620.00,8.00,,,,,,,3.00,218.00,,,,
76,2020-05-09,0,45.00,3102.00,27.00,24.00,21.00,1594.00,1508.00,13.00,14.00,23.00,570.00,8.00,15.00,206.00,362.00
76,2020-05-09,A,8.00,453.00,,,,,,,,,88.00,,,,
76,2020-05-09,B,9.00,1058.00,1.00,,,,,,,16.00,243.00,,,,
76,2020-05-09,C,8.00,729.00,6.00,,,,,,,2.00,105.00,,,,
76,2020-05-09,D,3.00,357.00,3.00,,,,,,,1.00,40.00,,,,
76,2020-05-09,E,17.00,504.00,17.00,,,,,,,4.00,93.00,,,,
84,2020-05-09,0,77.00,3709.00,39.00,38.00,39.00,1918.00,1791.00,25.00,14.00,55.00,988.00,27.00,28.00,398.00,586.00
84,2020-05-09,A,2.00,604.00,2.00,,,,,,,4.00,159.00,,,,
84,2020-05-09,B,24.00,1328.00,1.00,,,,,,,26.00,368.00,,,,
84,2020-05-09,C,17.00,808.00,5.00,,,,,,,10.00,198.00,,,,
84,2020-05-09,D,8.00,354.00,6.00,,,,,,,5.00,81.00,,,,
84,2020-05-09,E,26.00,615.00,25.00,,,,,,,10.00,178.00,,,,
93,2020-05-09,0,42.00,3027.00,19.00,24.00,18.00,1536.00,1491.00,11.00,8.00,41.00,911.00,22.00,19.00,373.00,538.00
93,2020-05-09,A,1.00,472.00,,,,,,,,6.00,173.00,,,,
93,2020-05-09,B,14.00,1013.00,2.00,,,,,,,17.00,295.00,,,,
93,2020-05-09,C,13.00,704.00,5.00,,,,,,,8.00,157.00,,,,
93,2020-05-09,D,5.00,312.00,3.00,,,,,,,2.00,104.00,,,,
93,2020-05-09,E,9.00,526.00,9.00,,,,,,,8.00,181.00,,,,
94,2020-05-09,0,3.00,176.00,2.00,2.00,1.00,89.00,87.00,2.00,,1.00,40.00,1.00,,17.00,23.00
94,2020-05-09,A,,15.00,,,,,,,,1.00,8.00,,,,
94,2020-05-09,B,1.00,72.00,,,,,,,,,17.00,,,,
94,2020-05-09,C,1.00,42.00,1.00,,,,,,,,6.00,,,,
94,2020-05-09,D,,22.00,,,,,,,,,4.00,,,,
94,2020-05-09,E,1.00,25.00,1.00,,,,,,,,5.00,,,,
01,2020-05-10,0,,155.00,,,,72.00,83.00,,,,,,,,
01,2020-05-10,A,,29.00,,,,,,,,,,,,,
01,2020-05-10,B,,65.00,,,,,,,,,,,,,
01,2020-05-10,C,,30.00,,,,,,,,,,,,,
01,2020-05-10,D,,17.00,,,,,,,,,,,,,
01,2020-05-10,E,,14.00,,,,,,,,,,,,,
02,2020-05-10,0,,,,,,,,,,1.00,67.00,,1.00,28.00,39.00
02,2020-05-10,A,,,,,,,,,,,6.00,,,,
02,2020-05-10,B,,,,,,,,,,,12.00,,,,
02,2020-05-10,C,,,,,,,,,,,19.00,,,,
02,2020-05-10,D,,,,,,,,,,,12.00,,,,
02,2020-05-10,E,,,,,,,,,,1.00,18.00,,,,
03,2020-05-10,0,2.00,150.00,1.00,1.00,1.00,82.00,68.00,,1.00,,,,,,
03,2020-05-10,A,,37.00,,,,,,,,,,,,,
03,2020-05-10,B,1.00,71.00,,,,,,,,,,,,,
03,2020-05-10,C,1.00,26.00,1.00,,,,,,,,,,,,
03,2020-05-10,D,,7.00,,,,,,,,,,,,,
03,2020-05-10,E,,9.00,,,,,,,,,,,,,
04,2020-05-10,0,1.00,294.00,1.00,,1.00,154.00,140.00,,1.00,,,,,,
04,2020-05-10,A,,45.00,,,,,,,,,,,,,
04,2020-05-10,B,1.00,119.00,1.00,,,,,,,,,,,,
04,2020-05-10,C,,71.00,,,,,,,,,,,,,
04,2020-05-10,D,,26.00,,,,,,,,,,,,,
04,2020-05-10,E,,33.00,,,,,,,,,,,,,
06,2020-05-10,0,24.00,89.00,4.00,10.00,14.00,46.00,43.00,1.00,3.00,,,,,,
06,2020-05-10,A,1.00,17.00,1.00,,,,,,,,,,,,
06,2020-05-10,B,13.00,46.00,,,,,,,,,,,,,
06,2020-05-10,C,8.00,22.00,2.00,,,,,,,,,,,,
06,2020-05-10,D,1.00,2.00,,,,,,,,,,,,,
06,2020-05-10,E,1.00,2.00,1.00,,,,,,,,,,,,
07,2020-05-10,0,,9.00,,,,5.00,4.00,,,,,,,,
07,2020-05-10,A,,1.00,,,,,,,,,,,,,
07,2020-05-10,B,,3.00,,,,,,,,,,,,,
07,2020-05-10,C,,3.00,,,,,,,,,,,,,
07,2020-05-10,D,,,,,,,,,,,,,,,
07,2020-05-10,E,,2.00,,,,,,,,,,,,,
08,2020-05-10,0,,21.00,,,,9.00,12.00,,,,,,,,
08,2020-05-10,A,,1.00,,,,,,,,,,,,,
08,2020-05-10,B,,11.00,,,,,,,,,,,,,
08,2020-05-10,C,,4.00,,,,,,,,,,,,,
08,2020-05-10,D,,3.00,,,,,,,,,,,,,
08,2020-05-10,E,,2.00,,,,,,,,,,,,,
11,2020-05-10,0,143.00,4069.00,38.00,70.00,73.00,2096.00,1971.00,21.00,17.00,55.00,1176.00,25.00,30.00,481.00,693.00
11,2020-05-10,A,3.00,760.00,2.00,,,,,,,1.00,230.00,,,,
11,2020-05-10,B,64.00,1656.00,7.00,,,,,,,28.00,418.00,,,,
11,2020-05-10,C,43.00,912.00,10.00,,,,,,,16.00,265.00,,,,
11,2020-05-10,D,8.00,279.00,3.00,,,,,,,1.00,92.00,,,,
11,2020-05-10,E,25.00,462.00,16.00,,,,,,,9.00,165.00,,,,
24,2020-05-10,0,35.00,1037.00,15.00,17.00,18.00,549.00,488.00,6.00,9.00,3.00,224.00,,3.00,98.00,126.00
24,2020-05-10,A,,182.00,,,,,,,,,38.00,,,,
24,2020-05-10,B,7.00,353.00,2.00,,,,,,,2.00,108.00,,,,
24,2020-05-10,C,8.00,222.00,3.00,,,,,,,,40.00,,,,
24,2020-05-10,D,2.00,91.00,,,,,,,,1.00,12.00,,,,
24,2020-05-10,E,18.00,187.00,10.00,,,,,,,,26.00,,,,
27,2020-05-10,0,30.00,1287.00,14.00,14.00,16.00,633.00,654.00,7.00,7.00,15.00,208.00,7.00,8.00,87.00,120.00
27,2020-05-10,A,3.00,190.00,2.00,,,,,,,1.00,41.00,,,,
27,2020-05-10,B,9.00,420.00,2.00,,,,,,,6.00,81.00,,,,
27,2020-05-10,C,5.00,297.00,2.00,,,,,,,5.00,48.00,,,,
27,2020-05-10,D,3.00,154.00,2.00,,,,,,,1.00,15.00,,,,
27,2020-05-10,E,10.00,226.00,6.00,,,,,,,2.00,22.00,,,,
28,2020-05-10,0,22.00,1280.00,12.00,10.00,12.00,622.00,658.00,7.00,5.00,15.00,371.00,5.00,10.00,148.00,223.00
28,2020-05-10,A,1.00,228.00,,,,,,,,1.00,79.00,,,,
28,2020-05-10,B,3.00,437.00,2.00,,,,,,,6.00,144.00,,,,
28,2020-05-10,C,1.00,270.00,,,,,,,,3.00,57.00,,,,
28,2020-05-10,D,8.00,129.00,5.00,,,,,,,2.00,22.00,,,,
28,2020-05-10,E,9.00,216.00,5.00,,,,,,,3.00,69.00,,,,
32,2020-05-10,0,56.00,2181.00,31.00,31.00,25.00,1105.00,1076.00,18.00,13.00,21.00,532.00,7.00,14.00,209.00,323.00
32,2020-05-10,A,4.00,388.00,1.00,,,,,,,1.00,135.00,,,,
32,2020-05-10,B,11.00,814.00,5.00,,,,,,,13.00,234.00,,,,
32,2020-05-10,C,13.00,500.00,10.00,,,,,,,6.00,88.00,,,,
32,2020-05-10,D,7.00,188.00,4.00,,,,,,,,23.00,,,,
32,2020-05-10,E,21.00,291.00,11.00,,,,,,,1.00,51.00,,,,
44,2020-05-10,0,41.00,2186.00,21.00,19.00,22.00,1147.00,1039.00,11.00,10.00,46.00,721.00,19.00,27.00,303.00,416.00
44,2020-05-10,A,2.00,398.00,1.00,,,,,,,2.00,131.00,,,,
44,2020-05-10,B,10.00,762.00,2.00,,,,,,,21.00,273.00,,,,
44,2020-05-10,C,8.00,455.00,2.00,,,,,,,11.00,140.00,,,,
44,2020-05-10,D,6.00,212.00,4.00,,,,,,,5.00,53.00,,,,
44,2020-05-10,E,15.00,359.00,12.00,,,,,,,7.00,115.00,,,,
52,2020-05-10,0,32.00,1195.00,16.00,12.00,20.00,601.00,594.00,7.00,9.00,21.00,446.00,11.00,10.00,196.00,250.00
52,2020-05-10,A,,196.00,,,,,,,,4.00,85.00,,,,
52,2020-05-10,B,10.00,394.00,1.00,,,,,,,7.00,159.00,,,,
52,2020-05-10,C,5.00,266.00,2.00,,,,,,,7.00,97.00,,,,
52,2020-05-10,D,7.00,122.00,5.00,,,,,,,2.00,35.00,,,,
52,2020-05-10,E,10.00,217.00,8.00,,,,,,,1.00,70.00,,,,
53,2020-05-10,0,20.00,1310.00,17.00,8.00,12.00,700.00,610.00,7.00,10.00,14.00,306.00,4.00,10.00,113.00,193.00
53,2020-05-10,A,1.00,248.00,1.00,,,,,,,3.00,61.00,,,,
53,2020-05-10,B,2.00,429.00,1.00,,,,,,,6.00,129.00,,,,
53,2020-05-10,C,7.00,273.00,5.00,,,,,,,1.00,48.00,,,,
53,2020-05-10,D,3.00,136.00,3.00,,,,,,,1.00,22.00,,,,
53,2020-05-10,E,7.00,223.00,7.00,,,,,,,3.00,46.00,,,,
75,2020-05-10,0,48.00,2408.00,27.00,25.00,23.00,1287.00,1121.00,13.00,14.00,44.00,1018.00,18.00,26.00,443.00,575.00
75,2020-05-10,A,2.00,335.00,1.00,,,,,,,8.00,179.00,,,,
75,2020-05-10,B,14.00,773.00,5.00,,,,,,,24.00,401.00,,,,
75,2020-05-10,C,8.00,581.00,4.00,,,,,,,10.00,205.00,,,,
75,2020-05-10,D,8.00,244.00,4.00,,,,,,,1.00,87.00,,,,
75,2020-05-10,E,16.00,475.00,13.00,,,,,,,1.00,146.00,,,,
76,2020-05-10,0,35.00,2450.00,19.00,19.00,16.00,1215.00,1235.00,8.00,11.00,25.00,456.00,10.00,15.00,174.00,282.00
76,2020-05-10,A,9.00,339.00,1.00,,,,,,,5.00,92.00,,,,
76,2020-05-10,B,7.00,891.00,4.00,,,,,,,19.00,199.00,,,,
76,2020-05-10,C,5.00,554.00,2.00,,,,,,,,71.00,,,,
76,2020-05-10,D,5.00,261.00,4.00,,,,,,,1.00,41.00,,,,
76,2020-05-10,E,9.00,404.00,8.00,,,,,,,,53.00,,,,
84,2020-05-10,0,77.00,3183.00,36.00,38.00,39.00,1588.00,1595.00,20.00,16.00,47.00,788.00,17.00,30.00,325.00,460.00
84,2020-05-10,A,,501.00,,,,,,,,2.00,128.00,,,,
84,2020-05-10,B,21.00,1211.00,2.00,,,,,,,26.00,308.00,,,,
84,2020-05-10,C,27.00,694.00,12.00,,,,,,,8.00,142.00,,,,
84,2020-05-10,D,5.00,296.00,4.00,,,,,,,2.00,59.00,,,,
84,2020-05-10,E,24.00,481.00,18.00,,,,,,,9.00,150.00,,,,
93,2020-05-10,0,24.00,2474.00,16.00,11.00,13.00,1259.00,1215.00,5.00,11.00,39.00,728.00,13.00,26.00,285.00,443.00
93,2020-05-10,A,2.00,391.00,,,,,,,,10.00,119.00,,,,
93,2020-05-10,B,4.00,894.00,1.00,,,,,,,21.00,253.00,,,,
93,2020-05-10,C,5.00,532.00,3.00,,,,,,,3.00,137.00,,,,
93,2020-05-10,D,3.00,239.00,2.00,,,,,,,3.00,78.00,,,,
93,2020-05-10,E,10.00,418.00,10.00,,,,,,,2.00,139.00,,,,
94,2020-05-10,0,,117.00,,,,61.00,56.00,,,2.00,47.00,1.00,,21.00,22.00
94,2020-05-10,A,,14.00,,,,,,,,,5.00,,,,
94,2020-05-10,B,,38.00,,,,,,,,1.00,17.00,,,,
94,2020-05-10,C,,24.00,,,,,,,,1.00,13.00,,,,
94,2020-05-10,D,,17.00,,,,,,,,,8.00,,,,
94,2020-05-10,E,,24.00,,,,,,,,,4.00,,,,
01,2020-05-11,0,5.00,225.00,1.00,2.00,3.00,110.00,115.00,,1.00,,,,,,
01,2020-05-11,A,1.00,32.00,,,,,,,,,,,,,
01,2020-05-11,B,3.00,90.00,,,,,,,,,,,,,
01,2020-05-11,C,,45.00,,,,,,,,,,,,,
01,2020-05-11,D,1.00,18.00,1.00,,,,,,,,,,,,
01,2020-05-11,E,,40.00,,,,,,,,,,,,,
02,2020-05-11,0,,,,,,,,,,1.00,94.00,,1.00,39.00,55.00
02,2020-05-11,A,,,,,,,,,,,19.00,,,,
02,2020-05-11,B,,,,,,,,,,1.00,25.00,,,,
02,2020-05-11,C,,,,,,,,,,,18.00,,,,
02,2020-05-11,D,,,,,,,,,,,13.00,,,,
02,2020-05-11,E,,,,,,,,,,,19.00,,,,
03,2020-05-11,0,,160.00,,,,89.00,71.00,,,,,,,,
03,2020-05-11,A,,36.00,,,,,,,,,,,,,
03,2020-05-11,B,,78.00,,,,,,,,,,,,,
03,2020-05-11,C,,35.00,,,,,,,,,,,,,
03,2020-05-11,D,,5.00,,,,,,,,,,,,,
03,2020-05-11,E,,6.00,,,,,,,,,,,,,
04,2020-05-11,0,,362.00,,,,204.00,158.00,,,,,,,,
04,2020-05-11,A,,55.00,,,,,,,,,,,,,
04,2020-05-11,B,,98.00,,,,,,,,,,,,,
04,2020-05-11,C,,110.00,,,,,,,,,,,,,
04,2020-05-11,D,,41.00,,,,,,,,,,,,,
04,2020-05-11,E,,58.00,,,,,,,,,,,,,
06,2020-05-11,0,43.00,140.00,4.00,16.00,27.00,66.00,74.00,2.00,2.00,,,,,,
06,2020-05-11,A,2.00,46.00,,,,,,,,,,,,,
06,2020-05-11,B,26.00,64.00,1.00,,,,,,,,,,,,
06,2020-05-11,C,13.00,25.00,2.00,,,,,,,,,,,,
06,2020-05-11,D,2.00,4.00,1.00,,,,,,,,,,,,
06,2020-05-11,E,,1.00,,,,,,,,,,,,,
07,2020-05-11,0,,19.00,,,,13.00,6.00,,,,,,,,
07,2020-05-11,A,,,,,,,,,,,,,,,
07,2020-05-11,B,,11.00,,,,,,,,,,,,,
07,2020-05-11,C,,4.00,,,,,,,,,,,,,
07,2020-05-11,D,,1.00,,,,,,,,,,,,,
07,2020-05-11,E,,3.00,,,,,,,,,,,,,
08,2020-05-11,0,,14.00,,,,6.00,8.00,,,,,,,,
08,2020-05-11,A,,2.00,,,,,,,,,,,,,
08,2020-05-11,B,,7.00,,,,,,,,,,,,,
08,2020-05-11,C,,2.00,,,,,,,,,,,,,
08,2020-05-11,D,,3.00,,,,,,,,,,,,,
08,2020-05-11,E,,,,,,,,,,,,,,,
11,2020-05-11,0,248.00,4658.00,47.00,114.00,134.00,2417.00,2238.00,20.00,27.00,56.00,896.00,20.00,36.00,350.00,545.00
11,2020-05-11,A,6.00,730.00,1.00,,,,,,,3.00,127.00,,,,
11,2020-05-11,B,114.00,1829.00,5.00,,,,,,,35.00,327.00,,,,
11,2020-05-11,C,68.00,1064.00,9.00,,,,,,,10.00,197.00,,,,
11,2020-05-11,D,21.00,435.00,8.00,,,,,,,2.00,85.00,,,,
11,2020-05-11,E,39.00,599.00,24.00,,,,,,,6.00,159.00,,,,
24,2020-05-11,0,44.00,1180.00,16.00,27.00,17.00,627.00,553.00,10.00,6.00,23.00,224.00,7.00,16.00,94.00,130.00
24,2020-05-11,A,,146.00,,,,,,,,1.00,19.00,,,,
24,2020-05-11,B,11.00,357.00,1.00,,,,,,,15.00,121.00,,,,
24,2020-05-11,C,12.00,298.00,3.00,,,,,,,5.00,41.00,,,,
24,2020-05-11,D,5.00,131.00,2.00,,,,,,,,16.00,,,,
24,2020-05-11,E,16.00,248.00,10.00,,,,,,,2.00,26.00,,,,
27,2020-05-11,0,65.00,1394.00,24.00,31.00,34.00,730.00,664.00,13.00,11.00,10.00,177.00,7.00,3.00,79.00,98.00
27,2020-05-11,A,1.00,128.00,,,,,,,,2.00,20.00,,,,
27,2020-05-11,B,27.00,476.00,3.00,,,,,,,4.00,78.00,,,,
27,2020-05-11,C,19.00,307.00,5.00,,,,,,,3.00,39.00,,,,
27,2020-05-11,D,6.00,188.00,4.00,,,,,,,1.00,16.00,,,,
27,2020-05-11,E,12.00,295.00,12.00,,,,,,,,21.00,,,,
28,2020-05-11,0,21.00,1519.00,12.00,10.00,11.00,790.00,729.00,5.00,7.00,25.00,290.00,16.00,9.00,116.00,174.00
28,2020-05-11,A,2.00,216.00,,,,,,,,2.00,44.00,,,,
28,2020-05-11,B,2.00,515.00,,,,,,,,17.00,130.00,,,,
28,2020-05-11,C,3.00,367.00,1.00,,,,,,,5.00,60.00,,,,
28,2020-05-11,D,,157.00,,,,,,,,,15.00,,,,
28,2020-05-11,E,14.00,264.00,11.00,,,,,,,1.00,41.00,,,,
32,2020-05-11,0,76.00,2287.00,32.00,44.00,32.00,1231.00,1056.00,20.00,12.00,19.00,515.00,6.00,13.00,213.00,301.00
32,2020-05-11,A,1.00,336.00,1.00,,,,,,,2.00,93.00,,,,
32,2020-05-11,B,25.00,820.00,2.00,,,,,,,10.00,263.00,,,,
32,2020-05-11,C,24.00,518.00,13.00,,,,,,,7.00,99.00,,,,
32,2020-05-11,D,8.00,237.00,4.00,,,,,,,,27.00,,,,
32,2020-05-11,E,18.00,376.00,12.00,,,,,,,,31.00,,,,
44,2020-05-11,0,85.00,2232.00,39.00,33.00,52.00,1147.00,1085.00,13.00,26.00,28.00,423.00,8.00,20.00,172.00,251.00
44,2020-05-11,A,4.00,288.00,1.00,,,,,,,1.00,50.00,,,,
44,2020-05-11,B,26.00,738.00,3.00,,,,,,,14.00,193.00,,,,
44,2020-05-11,C,23.00,527.00,7.00,,,,,,,8.00,86.00,,,,
44,2020-05-11,D,6.00,221.00,4.00,,,,,,,1.00,34.00,,,,
44,2020-05-11,E,26.00,458.00,24.00,,,,,,,4.00,60.00,,,,
52,2020-05-11,0,52.00,1354.00,25.00,30.00,22.00,696.00,658.00,12.00,13.00,17.00,352.00,7.00,10.00,145.00,207.00
52,2020-05-11,A,2.00,174.00,,,,,,,,2.00,54.00,,,,
52,2020-05-11,B,10.00,431.00,2.00,,,,,,,7.00,140.00,,,,
52,2020-05-11,C,15.00,311.00,4.00,,,,,,,5.00,59.00,,,,
52,2020-05-11,D,8.00,146.00,4.00,,,,,,,1.00,28.00,,,,
52,2020-05-11,E,17.00,292.00,15.00,,,,,,,2.00,70.00,,,,
53,2020-05-11,0,44.00,1377.00,24.00,24.00,20.00,680.00,696.00,14.00,10.00,9.00,209.00,7.00,2.00,87.00,122.00
53,2020-05-11,A,4.00,199.00,1.00,,,,,,,1.00,22.00,,,,
53,2020-05-11,B,14.00,414.00,2.00,,,,,,,5.00,87.00,,,,
53,2020-05-11,C,11.00,304.00,7.00,,,,,,,1.00,50.00,,,,
53,2020-05-11,D,5.00,145.00,4.00,,,,,,,1.00,12.00,,,,
53,2020-05-11,E,10.00,315.00,10.00,,,,,,,1.00,38.00,,,,
75,2020-05-11,0,47.00,2706.00,18.00,27.00,20.00,1428.00,1278.00,11.00,7.00,33.00,793.00,14.00,19.00,344.00,449.00
75,2020-05-11,A,2.00,306.00,,,,,,,,5.00,129.00,,,,
75,2020-05-11,B,9.00,788.00,1.00,,,,,,,19.00,355.00,,,,
75,2020-05-11,C,16.00,664.00,4.00,,,,,,,3.00,140.00,,,,
75,2020-05-11,D,7.00,337.00,2.00,,,,,,,2.00,71.00,,,,
75,2020-05-11,E,13.00,611.00,11.00,,,,,,,4.00,98.00,,,,
76,2020-05-11,0,44.00,2809.00,25.00,30.00,14.00,1474.00,1335.00,20.00,5.00,16.00,264.00,5.00,11.00,108.00,156.00
76,2020-05-11,A,7.00,310.00,,,,,,,,2.00,46.00,,,,
76,2020-05-11,B,8.00,962.00,3.00,,,,,,,7.00,98.00,,,,
76,2020-05-11,C,10.00,673.00,6.00,,,,,,,6.00,66.00,,,,
76,2020-05-11,D,4.00,308.00,3.00,,,,,,,,20.00,,,,
76,2020-05-11,E,15.00,555.00,13.00,,,,,,,1.00,34.00,,,,
84,2020-05-11,0,84.00,3536.00,34.00,46.00,38.00,1860.00,1676.00,21.00,13.00,48.00,623.00,25.00,23.00,276.00,347.00
84,2020-05-11,A,2.00,471.00,,,,,,,,3.00,70.00,,,,
84,2020-05-11,B,24.00,1279.00,2.00,,,,,,,22.00,281.00,,,,
84,2020-05-11,C,16.00,806.00,4.00,,,,,,,11.00,103.00,,,,
84,2020-05-11,D,16.00,356.00,8.00,,,,,,,1.00,38.00,,,,
84,2020-05-11,E,26.00,624.00,20.00,,,,,,,11.00,131.00,,,,
93,2020-05-11,0,33.00,2593.00,18.00,18.00,15.00,1345.00,1248.00,13.00,5.00,22.00,522.00,9.00,13.00,202.00,320.00
93,2020-05-11,A,1.00,346.00,,,,,,,,3.00,76.00,,,,
93,2020-05-11,B,8.00,912.00,1.00,,,,,,,10.00,178.00,,,,
93,2020-05-11,C,7.00,588.00,3.00,,,,,,,4.00,115.00,,,,
93,2020-05-11,D,8.00,264.00,6.00,,,,,,,3.00,55.00,,,,
93,2020-05-11,E,9.00,483.00,8.00,,,,,,,2.00,98.00,,,,
94,2020-05-11,0,34.00,183.00,34.00,12.00,22.00,91.00,92.00,12.00,22.00,4.00,27.00,2.00,2.00,12.00,15.00
94,2020-05-11,A,,10.00,,,,,,,,1.00,6.00,,,,
94,2020-05-11,B,15.00,58.00,15.00,,,,,,,1.00,8.00,,,,
94,2020-05-11,C,13.00,56.00,13.00,,,,,,,2.00,10.00,,,,
94,2020-05-11,D,2.00,18.00,2.00,,,,,,,,1.00,,,,
94,2020-05-11,E,4.00,41.00,4.00,,,,,,,,2.00,,,,
01,2020-05-12,0,3.00,193.00,,2.00,1.00,103.00,90.00,,,,,,,,
01,2020-05-12,A,1.00,40.00,,,,,,,,,,,,,
01,2020-05-12,B,1.00,65.00,,,,,,,,,,,,,
01,2020-05-12,C,1.00,36.00,,,,,,,,,,,,,
01,2020-05-12,D,,18.00,,,,,,,,,,,,,
01,2020-05-12,E,,34.00,,,,,,,,,,,,,
02,2020-05-12,0,,,,,,,,,,,99.00,,,46.00,53.00
02,2020-05-12,A,,,,,,,,,,,14.00,,,,
02,2020-05-12,B,,,,,,,,,,,29.00,,,,
02,2020-05-12,C,,,,,,,,,,,23.00,,,,
02,2020-05-12,D,,,,,,,,,,,11.00,,,,
02,2020-05-12,E,,,,,,,,,,,22.00,,,,
03,2020-05-12,0,1.00,176.00,,,1.00,86.00,90.00,,,,,,,,
03,2020-05-12,A,,28.00,,,,,,,,,,,,,
03,2020-05-12,B,1.00,94.00,,,,,,,,,,,,,
03,2020-05-12,C,,34.00,,,,,,,,,,,,,
03,2020-05-12,D,,11.00,,,,,,,,,,,,,
03,2020-05-12,E,,9.00,,,,,,,,,,,,,
04,2020-05-12,0,,374.00,,,,214.00,160.00,,,,,,,,
04,2020-05-12,A,,59.00,,,,,,,,,,,,,
04,2020-05-12,B,,124.00,,,,,,,,,,,,,
04,2020-05-12,C,,106.00,,,,,,,,,,,,,
04,2020-05-12,D,,44.00,,,,,,,,,,,,,
04,2020-05-12,E,,41.00,,,,,,,,,,,,,
06,2020-05-12,0,32.00,127.00,3.00,10.00,22.00,63.00,64.00,,3.00,,,,,,
06,2020-05-12,A,,23.00,,,,,,,,,,,,,
06,2020-05-12,B,25.00,73.00,3.00,,,,,,,,,,,,
06,2020-05-12,C,6.00,21.00,,,,,,,,,,,,,
06,2020-05-12,D,1.00,10.00,,,,,,,,,,,,,
06,2020-05-12,E,,,,,,,,,,,,,,,
07,2020-05-12,0,,23.00,,,,14.00,9.00,,,,,,,,
07,2020-05-12,A,,,,,,,,,,,,,,,
07,2020-05-12,B,,11.00,,,,,,,,,,,,,
07,2020-05-12,C,,10.00,,,,,,,,,,,,,
07,2020-05-12,D,,,,,,,,,,,,,,,
07,2020-05-12,E,,2.00,,,,,,,,,,,,,
08,2020-05-12,0,,26.00,,,,14.00,12.00,,,,,,,,
08,2020-05-12,A,,,,,,,,,,,,,,,
08,2020-05-12,B,,12.00,,,,,,,,,,,,,
08,2020-05-12,C,,7.00,,,,,,,,,,,,,
08,2020-05-12,D,,5.00,,,,,,,,,,,,,
08,2020-05-12,E,,2.00,,,,,,,,,,,,,
11,2020-05-12,0,221.00,4536.00,40.00,108.00,113.00,2399.00,2137.00,23.00,17.00,51.00,865.00,24.00,26.00,355.00,509.00
11,2020-05-12,A,9.00,648.00,,,,,,,,8.00,139.00,,,,
11,2020-05-12,B,87.00,1837.00,5.00,,,,,,,28.00,341.00,,,,
11,2020-05-12,C,83.00,1047.00,12.00,,,,,,,7.00,187.00,,,,
11,2020-05-12,D,16.00,367.00,6.00,,,,,,,4.00,53.00,,,,
11,2020-05-12,E,26.00,637.00,17.00,,,,,,,4.00,144.00,,,,
24,2020-05-12,0,40.00,1173.00,15.00,25.00,15.00,616.00,557.00,10.00,5.00,17.00,196.00,8.00,9.00,99.00,97.00
24,2020-05-12,A,,151.00,,,,,,,,,26.00,,,,
24,2020-05-12,B,13.00,395.00,3.00,,,,,,,10.00,99.00,,,,
24,2020-05-12,C,14.00,293.00,5.00,,,,,,,6.00,35.00,,,,
24,2020-05-12,D,3.00,136.00,1.00,,,,,,,1.00,16.00,,,,
24,2020-05-12,E,10.00,198.00,6.00,,,,,,,,20.00,,,,
27,2020-05-12,0,53.00,1397.00,27.00,33.00,20.00,726.00,670.00,16.00,11.00,18.00,176.00,6.00,12.00,76.00,100.00
27,2020-05-12,A,3.00,147.00,,,,,,,,5.00,22.00,,,,
27,2020-05-12,B,13.00,451.00,1.00,,,,,,,11.00,86.00,,,,
27,2020-05-12,C,14.00,315.00,6.00,,,,,,,2.00,38.00,,,,
27,2020-05-12,D,5.00,188.00,3.00,,,,,,,,12.00,,,,
27,2020-05-12,E,18.00,296.00,17.00,,,,,,,,17.00,,,,
28,2020-05-12,0,41.00,1500.00,16.00,16.00,25.00,783.00,717.00,10.00,6.00,12.00,269.00,4.00,8.00,113.00,156.00
28,2020-05-12,A,,204.00,,,,,,,,2.00,41.00,,,,
28,2020-05-12,B,15.00,528.00,4.00,,,,,,,5.00,139.00,,,,
28,2020-05-12,C,11.00,344.00,3.00,,,,,,,5.00,42.00,,,,
28,2020-05-12,D,5.00,160.00,3.00,,,,,,,,16.00,,,,
28,2020-05-12,E,10.00,264.00,6.00,,,,,,,,31.00,,,,
32,2020-05-12,0,78.00,2324.00,23.00,30.00,48.00,1182.00,1141.00,11.00,12.00,18.00,431.00,7.00,11.00,190.00,241.00
32,2020-05-12,A,2.00,305.00,,,,,,,,2.00,79.00,,,,
32,2020-05-12,B,27.00,841.00,2.00,,,,,,,11.00,212.00,,,,
32,2020-05-12,C,22.00,540.00,6.00,,,,,,,3.00,86.00,,,,
32,2020-05-12,D,12.00,246.00,8.00,,,,,,,2.00,23.00,,,,
32,2020-05-12,E,15.00,392.00,7.00,,,,,,,,31.00,,,,
44,2020-05-12,0,89.00,2295.00,37.00,34.00,55.00,1134.00,1161.00,15.00,22.00,23.00,400.00,9.00,14.00,157.00,242.00
44,2020-05-12,A,3.00,305.00,,,,,,,,3.00,58.00,,,,
44,2020-05-12,B,29.00,732.00,3.00,,,,,,,12.00,173.00,,,,
44,2020-05-12,C,21.00,509.00,7.00,,,,,,,5.00,64.00,,,,
44,2020-05-12,D,6.00,276.00,5.00,,,,,,,2.00,25.00,,,,
44,2020-05-12,E,30.00,473.00,22.00,,,,,,,1.00,73.00,,,,
52,2020-05-12,0,48.00,1373.00,23.00,26.00,22.00,753.00,620.00,13.00,10.00,10.00,311.00,8.00,2.00,140.00,171.00
52,2020-05-12,A,8.00,202.00,,,,,,,,,40.00,,,,
52,2020-05-12,B,10.00,435.00,2.00,,,,,,,9.00,147.00,,,,
52,2020-05-12,C,11.00,300.00,5.00,,,,,,,,44.00,,,,
52,2020-05-12,D,6.00,139.00,4.00,,,,,,,1.00,25.00,,,,
52,2020-05-12,E,13.00,297.00,12.00,,,,,,,,55.00,,,,
53,2020-05-12,0,38.00,1357.00,19.00,16.00,22.00,724.00,633.00,10.00,9.00,10.00,218.00,4.00,6.00,87.00,131.00
53,2020-05-12,A,,199.00,,,,,,,,3.00,32.00,,,,
53,2020-05-12,B,11.00,410.00,3.00,,,,,,,5.00,98.00,,,,
53,2020-05-12,C,11.00,275.00,6.00,,,,,,,2.00,40.00,,,,
53,2020-05-12,D,7.00,178.00,2.00,,,,,,,,12.00,,,,
53,2020-05-12,E,9.00,295.00,8.00,,,,,,,,36.00,,,,
75,2020-05-12,0,39.00,2666.00,18.00,16.00,23.00,1382.00,1284.00,9.00,9.00,29.00,812.00,10.00,19.00,349.00,463.00
75,2020-05-12,A,1.00,306.00,,,,,,,,3.00,103.00,,,,
75,2020-05-12,B,10.00,856.00,1.00,,,,,,,15.00,378.00,,,,
75,2020-05-12,C,11.00,574.00,2.00,,,,,,,9.00,158.00,,,,
75,2020-05-12,D,7.00,313.00,5.00,,,,,,,1.00,65.00,,,,
75,2020-05-12,E,10.00,617.00,10.00,,,,,,,1.00,105.00,,,,
76,2020-05-12,0,41.00,2652.00,24.00,22.00,19.00,1372.00,1280.00,12.00,12.00,11.00,254.00,3.00,8.00,104.00,150.00
76,2020-05-12,A,4.00,339.00,1.00,,,,,,,2.00,49.00,,,,
76,2020-05-12,B,12.00,887.00,4.00,,,,,,,4.00,103.00,,,,
76,2020-05-12,C,9.00,593.00,4.00,,,,,,,3.00,59.00,,,,
76,2020-05-12,D,5.00,304.00,4.00,,,,,,,2.00,14.00,,,,
76,2020-05-12,E,11.00,529.00,11.00,,,,,,,,29.00,,,,
84,2020-05-12,0,68.00,3267.00,20.00,33.00,35.00,1744.00,1523.00,11.00,9.00,30.00,567.00,17.00,12.00,252.00,314.00
84,2020-05-12,A,3.00,425.00,,,,,,,,2.00,64.00,,,,
84,2020-05-12,B,28.00,1163.00,1.00,,,,,,,16.00,246.00,,,,
84,2020-05-12,C,15.00,740.00,1.00,,,,,,,7.00,116.00,,,,
84,2020-05-12,D,8.00,301.00,4.00,,,,,,,1.00,42.00,,,,
84,2020-05-12,E,14.00,638.00,14.00,,,,,,,4.00,99.00,,,,
93,2020-05-12,0,45.00,2698.00,24.00,27.00,18.00,1418.00,1280.00,16.00,8.00,28.00,573.00,7.00,21.00,219.00,354.00
93,2020-05-12,A,1.00,358.00,1.00,,,,,,,3.00,90.00,,,,
93,2020-05-12,B,14.00,873.00,2.00,,,,,,,12.00,209.00,,,,
93,2020-05-12,C,13.00,638.00,7.00,,,,,,,9.00,130.00,,,,
93,2020-05-12,D,5.00,293.00,3.00,,,,,,,1.00,50.00,,,,
93,2020-05-12,E,12.00,536.00,11.00,,,,,,,3.00,94.00,,,,
94,2020-05-12,0,26.00,198.00,26.00,6.00,20.00,109.00,89.00,6.00,20.00,,16.00,,,10.00,6.00
94,2020-05-12,A,,16.00,,,,,,,,,5.00,,,,
94,2020-05-12,B,7.00,68.00,7.00,,,,,,,,7.00,,,,
94,2020-05-12,C,15.00,66.00,15.00,,,,,,,,1.00,,,,
94,2020-05-12,D,1.00,21.00,1.00,,,,,,,,1.00,,,,
94,2020-05-12,E,3.00,27.00,3.00,,,,,,,,1.00,,,,
01,2020-05-13,0,,199.00,,,,86.00,113.00,,,,,,,,
01,2020-05-13,A,,30.00,,,,,,,,,,,,,
01,2020-05-13,B,,73.00,,,,,,,,,,,,,
01,2020-05-13,C,,46.00,,,,,,,,,,,,,
01,2020-05-13,D,,19.00,,,,,,,,,,,,,
01,2020-05-13,E,,31.00,,,,,,,,,,,,,
02,2020-05-13,0,,,,,,,,,,1.00,79.00,,1.00,35.00,44.00
02,2020-05-13,A,,,,,,,,,,,12.00,,,,
02,2020-05-13,B,,,,,,,,,,,27.00,,,,
02,2020-05-13,C,,,,,,,,,,1.00,18.00,,,,
02,2020-05-13,D,,,,,,,,,,,6.00,,,,
02,2020-05-13,E,,,,,,,,,,,16.00,,,,
03,2020-05-13,0,,171.00,,,,79.00,91.00,,,,,,,,
03,2020-05-13,A,,38.00,,,,,,,,,,,,,
03,2020-05-13,B,,84.00,,,,,,,,,,,,,
03,2020-05-13,C,,32.00,,,,,,,,,,,,,
03,2020-05-13,D,,12.00,,,,,,,,,,,,,
03,2020-05-13,E,,5.00,,,,,,,,,,,,,
04,2020-05-13,0,,354.00,,,,209.00,145.00,,,,,,,,
04,2020-05-13,A,,56.00,,,,,,,,,,,,,
04,2020-05-13,B,,116.00,,,,,,,,,,,,,
04,2020-05-13,C,,102.00,,,,,,,,,,,,,
04,2020-05-13,D,,36.00,,,,,,,,,,,,,
04,2020-05-13,E,,44.00,,,,,,,,,,,,,
06,2020-05-13,0,46.00,131.00,8.00,20.00,26.00,66.00,65.00,4.00,4.00,,,,,,
06,2020-05-13,A,2.00,25.00,,,,,,,,,,,,,
06,2020-05-13,B,31.00,67.00,3.00,,,,,,,,,,,,
06,2020-05-13,C,11.00,26.00,3.00,,,,,,,,,,,,
06,2020-05-13,D,2.00,8.00,2.00,,,,,,,,,,,,
06,2020-05-13,E,,5.00,,,,,,,,,,,,,
07,2020-05-13,0,,14.00,,,,8.00,6.00,,,,,,,,
07,2020-05-13,A,,,,,,,,,,,,,,,
07,2020-05-13,B,,6.00,,,,,,,,,,,,,
07,2020-05-13,C,,4.00,,,,,,,,,,,,,
07,2020-05-13,D,,1.00,,,,,,,,,,,,,
07,2020-05-13,E,,3.00,,,,,,,,,,,,,
08,2020-05-13,0,,13.00,,,,7.00,6.00,,,,,,,,
08,2020-05-13,A,,2.00,,,,,,,,,,,,,
08,2020-05-13,B,,3.00,,,,,,,,,,,,,
08,2020-05-13,C,,7.00,,,,,,,,,,,,,
08,2020-05-13,D,,,,,,,,,,,,,,,
08,2020-05-13,E,,1.00,,,,,,,,,,,,,
11,2020-05-13,0,248.00,4715.00,38.00,104.00,144.00,2419.00,2296.00,21.00,17.00,49.00,897.00,21.00,28.00,390.00,507.00
11,2020-05-13,A,7.00,711.00,1.00,,,,,,,3.00,129.00,,,,
11,2020-05-13,B,103.00,1808.00,6.00,,,,,,,29.00,343.00,,,,
11,2020-05-13,C,88.00,1129.00,13.00,,,,,,,12.00,188.00,,,,
11,2020-05-13,D,26.00,402.00,10.00,,,,,,,1.00,71.00,,,,
11,2020-05-13,E,24.00,665.00,8.00,,,,,,,4.00,161.00,,,,
24,2020-05-13,0,32.00,1154.00,5.00,15.00,17.00,592.00,561.00,4.00,1.00,17.00,225.00,11.00,6.00,111.00,114.00
24,2020-05-13,A,1.00,156.00,,,,,,,,3.00,32.00,,,,
24,2020-05-13,B,3.00,358.00,,,,,,,,11.00,120.00,,,,
24,2020-05-13,C,13.00,271.00,2.00,,,,,,,2.00,40.00,,,,
24,2020-05-13,D,4.00,142.00,1.00,,,,,,,1.00,15.00,,,,
24,2020-05-13,E,11.00,227.00,2.00,,,,,,,,18.00,,,,
27,2020-05-13,0,42.00,1322.00,17.00,20.00,22.00,677.00,645.00,7.00,10.00,16.00,134.00,8.00,8.00,60.00,74.00
27,2020-05-13,A,1.00,147.00,,,,,,,,,17.00,,,,
27,2020-05-13,B,14.00,454.00,1.00,,,,,,,12.00,64.00,,,,
27,2020-05-13,C,11.00,304.00,3.00,,,,,,,4.00,31.00,,,,
27,2020-05-13,D,4.00,141.00,4.00,,,,,,,,7.00,,,,
27,2020-05-13,E,12.00,276.00,9.00,,,,,,,,14.00,,,,
28,2020-05-13,0,22.00,1546.00,13.00,12.00,10.00,791.00,754.00,8.00,5.00,16.00,287.00,7.00,9.00,128.00,159.00
28,2020-05-13,A,,230.00,,,,,,,,,45.00,,,,
28,2020-05-13,B,4.00,551.00,1.00,,,,,,,14.00,140.00,,,,
28,2020-05-13,C,5.00,342.00,3.00,,,,,,,2.00,43.00,,,,
28,2020-05-13,D,4.00,180.00,1.00,,,,,,,,16.00,,,,
28,2020-05-13,E,9.00,243.00,8.00,,,,,,,,43.00,,,,
32,2020-05-13,0,62.00,2173.00,23.00,30.00,32.00,1150.00,1023.00,11.00,12.00,14.00,502.00,5.00,9.00,215.00,287.00
32,2020-05-13,A,2.00,349.00,,,,,,,,1.00,93.00,,,,
32,2020-05-13,B,15.00,778.00,2.00,,,,,,,12.00,249.00,,,,
32,2020-05-13,C,15.00,481.00,4.00,,,,,,,1.00,95.00,,,,
32,2020-05-13,D,11.00,237.00,6.00,,,,,,,,30.00,,,,
32,2020-05-13,E,19.00,328.00,11.00,,,,,,,,33.00,,,,
44,2020-05-13,0,68.00,2293.00,30.00,23.00,45.00,1145.00,1148.00,15.00,15.00,40.00,413.00,13.00,26.00,175.00,237.00
44,2020-05-13,A,2.00,316.00,1.00,,,,,,,1.00,49.00,,,,
44,2020-05-13,B,18.00,725.00,3.00,,,,,,,27.00,200.00,,,,
44,2020-05-13,C,22.00,535.00,4.00,,,,,,,8.00,70.00,,,,
44,2020-05-13,D,5.00,252.00,5.00,,,,,,,2.00,32.00,,,,
44,2020-05-13,E,21.00,465.00,17.00,,,,,,,2.00,62.00,,,,
52,2020-05-13,0,68.00,1347.00,34.00,34.00,34.00,735.00,612.00,19.00,15.00,16.00,307.00,7.00,9.00,143.00,162.00
52,2020-05-13,A,9.00,201.00,,,,,,,,3.00,50.00,,,,
52,2020-05-13,B,16.00,450.00,5.00,,,,,,,10.00,118.00,,,,
52,2020-05-13,C,16.00,292.00,7.00,,,,,,,,53.00,,,,
52,2020-05-13,D,7.00,122.00,7.00,,,,,,,,27.00,,,,
52,2020-05-13,E,20.00,282.00,15.00,,,,,,,3.00,59.00,,,,
53,2020-05-13,0,29.00,1312.00,14.00,16.00,13.00,667.00,645.00,9.00,5.00,9.00,257.00,3.00,6.00,94.00,163.00
53,2020-05-13,A,1.00,213.00,,,,,,,,1.00,33.00,,,,
53,2020-05-13,B,9.00,394.00,2.00,,,,,,,5.00,93.00,,,,
53,2020-05-13,C,8.00,306.00,3.00,,,,,,,3.00,52.00,,,,
53,2020-05-13,D,1.00,137.00,1.00,,,,,,,,17.00,,,,
53,2020-05-13,E,10.00,262.00,8.00,,,,,,,,62.00,,,,
75,2020-05-13,0,49.00,2713.00,31.00,27.00,22.00,1381.00,1332.00,18.00,13.00,49.00,853.00,25.00,24.00,338.00,515.00
75,2020-05-13,A,3.00,313.00,2.00,,,,,,,5.00,133.00,,,,
75,2020-05-13,B,14.00,841.00,4.00,,,,,,,33.00,380.00,,,,
75,2020-05-13,C,11.00,651.00,7.00,,,,,,,8.00,151.00,,,,
75,2020-05-13,D,5.00,314.00,3.00,,,,,,,1.00,59.00,,,,
75,2020-05-13,E,16.00,594.00,15.00,,,,,,,2.00,129.00,,,,
76,2020-05-13,0,51.00,2783.00,21.00,24.00,27.00,1442.00,1341.00,9.00,12.00,16.00,315.00,7.00,9.00,128.00,185.00
76,2020-05-13,A,9.00,359.00,2.00,,,,,,,1.00,45.00,,,,
76,2020-05-13,B,10.00,928.00,,,,,,,,9.00,145.00,,,,
76,2020-05-13,C,7.00,607.00,1.00,,,,,,,5.00,67.00,,,,
76,2020-05-13,D,7.00,331.00,3.00,,,,,,,,21.00,,,,
76,2020-05-13,E,18.00,557.00,15.00,,,,,,,1.00,37.00,,,,
84,2020-05-13,0,52.00,3217.00,9.00,27.00,25.00,1664.00,1553.00,6.00,3.00,50.00,644.00,27.00,23.00,282.00,361.00
84,2020-05-13,A,,399.00,,,,,,,,5.00,72.00,,,,
84,2020-05-13,B,21.00,1174.00,,,,,,,,25.00,273.00,,,,
84,2020-05-13,C,15.00,726.00,,,,,,,,10.00,134.00,,,,
84,2020-05-13,D,5.00,325.00,,,,,,,,5.00,50.00,,,,
84,2020-05-13,E,11.00,593.00,9.00,,,,,,,5.00,115.00,,,,
93,2020-05-13,0,38.00,2725.00,25.00,21.00,17.00,1424.00,1301.00,14.00,11.00,27.00,580.00,14.00,13.00,226.00,354.00
93,2020-05-13,A,,380.00,,,,,,,,5.00,97.00,,,,
93,2020-05-13,B,11.00,972.00,3.00,,,,,,,11.00,204.00,,,,
93,2020-05-13,C,9.00,578.00,5.00,,,,,,,8.00,118.00,,,,
93,2020-05-13,D,7.00,292.00,6.00,,,,,,,,53.00,,,,
93,2020-05-13,E,11.00,503.00,11.00,,,,,,,3.00,107.00,,,,
94,2020-05-13,0,4.00,171.00,4.00,3.00,1.00,92.00,79.00,3.00,1.00,1.00,40.00,1.00,,16.00,20.00
94,2020-05-13,A,1.00,18.00,1.00,,,,,,,,8.00,,,,
94,2020-05-13,B,,60.00,,,,,,,,1.00,24.00,,,,
94,2020-05-13,C,1.00,44.00,1.00,,,,,,,,4.00,,,,
94,2020-05-13,D,,21.00,,,,,,,,,1.00,,,,
94,2020-05-13,E,2.00,28.00,2.00,,,,,,,,3.00,,,,
01,2020-05-14,0,,186.00,,,,90.00,96.00,,,,,,,,
01,2020-05-14,A,,28.00,,,,,,,,,,,,,
01,2020-05-14,B,,80.00,,,,,,,,,,,,,
01,2020-05-14,C,,37.00,,,,,,,,,,,,,
01,2020-05-14,D,,21.00,,,,,,,,,,,,,
01,2020-05-14,E,,20.00,,,,,,,,,,,,,
02,2020-05-14,0,,,,,,,,,,,94.00,,,41.00,53.00
02,2020-05-14,A,,,,,,,,,,,9.00,,,,
02,2020-05-14,B,,,,,,,,,,,21.00,,,,
02,2020-05-14,C,,,,,,,,,,,30.00,,,,
02,2020-05-14,D,,,,,,,,,,,10.00,,,,
02,2020-05-14,E,,,,,,,,,,,24.00,,,,
03,2020-05-14,0,1.00,176.00,1.00,1.00,,104.00,72.00,1.00,,,,,,,
03,2020-05-14,A,,30.00,,,,,,,,,,,,,
03,2020-05-14,B,,91.00,,,,,,,,,,,,,
03,2020-05-14,C,,34.00,,,,,,,,,,,,,
03,2020-05-14,D,,11.00,,,,,,,,,,,,,
03,2020-05-14,E,1.00,9.00,1.00,,,,,,,,,,,,
04,2020-05-14,0,1.00,345.00,1.00,1.00,,181.00,164.00,1.00,,,,,,,
04,2020-05-14,A,,55.00,,,,,,,,,,,,,
04,2020-05-14,B,1.00,128.00,1.00,,,,,,,,,,,,
04,2020-05-14,C,,101.00,,,,,,,,,,,,,
04,2020-05-14,D,,20.00,,,,,,,,,,,,,
04,2020-05-14,E,,41.00,,,,,,,,,,,,,
06,2020-05-14,0,36.00,110.00,4.00,17.00,19.00,61.00,49.00,1.00,3.00,,,,,,
06,2020-05-14,A,1.00,24.00,,,,,,,,,,,,,
06,2020-05-14,B,24.00,63.00,1.00,,,,,,,,,,,,
06,2020-05-14,C,9.00,16.00,2.00,,,,,,,,,,,,
06,2020-05-14,D,1.00,4.00,,,,,,,,,,,,,
06,2020-05-14,E,1.00,3.00,1.00,,,,,,,,,,,,
07,2020-05-14,0,,17.00,,,,11.00,6.00,,,,,,,,
07,2020-05-14,A,,,,,,,,,,,,,,,
07,2020-05-14,B,,13.00,,,,,,,,,,,,,
07,2020-05-14,C,,4.00,,,,,,,,,,,,,
07,2020-05-14,D,,,,,,,,,,,,,,,
07,2020-05-14,E,,,,,,,,,,,,,,,
08,2020-05-14,0,,16.00,,,,12.00,4.00,,,,,,,,
08,2020-05-14,A,,2.00,,,,,,,,,,,,,
08,2020-05-14,B,,8.00,,,,,,,,,,,,,
08,2020-05-14,C,,6.00,,,,,,,,,,,,,
08,2020-05-14,D,,,,,,,,,,,,,,,
08,2020-05-14,E,,,,,,,,,,,,,,,
11,2020-05-14,0,222.00,4622.00,46.00,100.00,122.00,2409.00,2212.00,21.00,25.00,44.00,829.00,25.00,19.00,346.00,483.00
11,2020-05-14,A,5.00,719.00,2.00,,,,,,,4.00,125.00,,,,
11,2020-05-14,B,100.00,1779.00,4.00,,,,,,,18.00,305.00,,,,
11,2020-05-14,C,64.00,1092.00,7.00,,,,,,,10.00,171.00,,,,
11,2020-05-14,D,18.00,383.00,9.00,,,,,,,4.00,74.00,,,,
11,2020-05-14,E,35.00,649.00,24.00,,,,,,,8.00,153.00,,,,
24,2020-05-14,0,27.00,1115.00,7.00,14.00,13.00,582.00,533.00,3.00,4.00,13.00,224.00,6.00,7.00,110.00,114.00
24,2020-05-14,A,,169.00,,,,,,,,1.00,29.00,,,,
24,2020-05-14,B,7.00,331.00,1.00,,,,,,,6.00,111.00,,,,
24,2020-05-14,C,7.00,258.00,,,,,,,,6.00,43.00,,,,
24,2020-05-14,D,6.00,143.00,2.00,,,,,,,,15.00,,,,
24,2020-05-14,E,7.00,214.00,4.00,,,,,,,,24.00,,,,
27,2020-05-14,0,44.00,1368.00,14.00,24.00,20.00,715.00,653.00,8.00,6.00,19.00,137.00,10.00,9.00,63.00,74.00
27,2020-05-14,A,4.00,160.00,,,,,,,,2.00,23.00,,,,
27,2020-05-14,B,12.00,431.00,,,,,,,,9.00,56.00,,,,
27,2020-05-14,C,17.00,304.00,3.00,,,,,,,3.00,25.00,,,,
27,2020-05-14,D,6.00,172.00,6.00,,,,,,,3.00,13.00,,,,
27,2020-05-14,E,5.00,301.00,5.00,,,,,,,2.00,20.00,,,,
28,2020-05-14,0,24.00,1567.00,16.00,12.00,12.00,801.00,765.00,11.00,5.00,14.00,298.00,6.00,8.00,130.00,168.00
28,2020-05-14,A,,236.00,,,,,,,,2.00,36.00,,,,
28,2020-05-14,B,6.00,534.00,5.00,,,,,,,6.00,139.00,,,,
28,2020-05-14,C,7.00,319.00,3.00,,,,,,,3.00,53.00,,,,
28,2020-05-14,D,1.00,188.00,,,,,,,,2.00,24.00,,,,
28,2020-05-14,E,10.00,290.00,8.00,,,,,,,1.00,45.00,,,,
32,2020-05-14,0,72.00,2384.00,31.00,32.00,40.00,1219.00,1163.00,13.00,18.00,24.00,486.00,12.00,12.00,213.00,273.00
32,2020-05-14,A,4.00,367.00,1.00,,,,,,,4.00,76.00,,,,
32,2020-05-14,B,22.00,792.00,3.00,,,,,,,15.00,255.00,,,,
32,2020-05-14,C,11.00,515.00,3.00,,,,,,,4.00,77.00,,,,
32,2020-05-14,D,15.00,268.00,8.00,,,,,,,,31.00,,,,
32,2020-05-14,E,20.00,442.00,16.00,,,,,,,1.00,43.00,,,,
44,2020-05-14,0,62.00,2275.00,30.00,30.00,32.00,1181.00,1094.00,13.00,17.00,37.00,419.00,18.00,19.00,181.00,236.00
44,2020-05-14,A,,306.00,,,,,,,,2.00,60.00,,,,
44,2020-05-14,B,17.00,756.00,2.00,,,,,,,20.00,176.00,,,,
44,2020-05-14,C,14.00,514.00,3.00,,,,,,,9.00,84.00,,,,
44,2020-05-14,D,8.00,252.00,7.00,,,,,,,3.00,36.00,,,,
44,2020-05-14,E,23.00,447.00,18.00,,,,,,,3.00,55.00,,,,
52,2020-05-14,0,63.00,1374.00,22.00,28.00,35.00,714.00,660.00,10.00,12.00,24.00,355.00,10.00,14.00,154.00,201.00
52,2020-05-14,A,9.00,205.00,,,,,,,,3.00,51.00,,,,
52,2020-05-14,B,15.00,430.00,3.00,,,,,,,9.00,137.00,,,,
52,2020-05-14,C,14.00,310.00,3.00,,,,,,,4.00,71.00,,,,
52,2020-05-14,D,2.00,148.00,1.00,,,,,,,3.00,27.00,,,,
52,2020-05-14,E,23.00,281.00,15.00,,,,,,,5.00,69.00,,,,
53,2020-05-14,0,26.00,1346.00,8.00,9.00,17.00,716.00,630.00,2.00,6.00,8.00,231.00,7.00,1.00,99.00,132.00
53,2020-05-14,A,1.00,199.00,,,,,,,,2.00,29.00,,,,
53,2020-05-14,B,12.00,418.00,1.00,,,,,,,4.00,102.00,,,,
53,2020-05-14,C,6.00,303.00,1.00,,,,,,,2.00,39.00,,,,
53,2020-05-14,D,2.00,146.00,1.00,,,,,,,,21.00,,,,
53,2020-05-14,E,5.00,280.00,5.00,,,,,,,,40.00,,,,
75,2020-05-14,0,54.00,2709.00,30.00,31.00,23.00,1405.00,1304.00,19.00,11.00,33.00,771.00,14.00,19.00,320.00,451.00
75,2020-05-14,A,,298.00,,,,,,,,5.00,126.00,,,,
75,2020-05-14,B,19.00,871.00,6.00,,,,,,,17.00,326.00,,,,
75,2020-05-14,C,14.00,621.00,6.00,,,,,,,5.00,139.00,,,,
75,2020-05-14,D,5.00,328.00,4.00,,,,,,,3.00,71.00,,,,
75,2020-05-14,E,16.00,591.00,14.00,,,,,,,3.00,109.00,,,,
76,2020-05-14,0,55.00,2696.00,35.00,32.00,23.00,1402.00,1294.00,21.00,14.00,12.00,244.00,4.00,8.00,109.00,134.00
76,2020-05-14,A,4.00,324.00,,,,,,,,,39.00,,,,
76,2020-05-14,B,13.00,927.00,5.00,,,,,,,9.00,96.00,,,,
76,2020-05-14,C,18.00,627.00,12.00,,,,,,,2.00,55.00,,,,
76,2020-05-14,D,6.00,310.00,4.00,,,,,,,,21.00,,,,
76,2020-05-14,E,14.00,507.00,14.00,,,,,,,1.00,33.00,,,,
84,2020-05-14,0,88.00,3226.00,20.00,42.00,46.00,1683.00,1543.00,12.00,8.00,40.00,619.00,16.00,24.00,280.00,337.00
84,2020-05-14,A,,450.00,,,,,,,,3.00,82.00,,,,
84,2020-05-14,B,33.00,1117.00,2.00,,,,,,,25.00,254.00,,,,
84,2020-05-14,C,28.00,747.00,4.00,,,,,,,7.00,111.00,,,,
84,2020-05-14,D,13.00,307.00,5.00,,,,,,,1.00,46.00,,,,
84,2020-05-14,E,14.00,605.00,9.00,,,,,,,4.00,126.00,,,,
93,2020-05-14,0,44.00,2590.00,26.00,17.00,27.00,1346.00,1244.00,9.00,17.00,30.00,568.00,7.00,23.00,206.00,362.00
93,2020-05-14,A,4.00,367.00,2.00,,,,,,,8.00,92.00,,,,
93,2020-05-14,B,12.00,879.00,2.00,,,,,,,13.00,192.00,,,,
93,2020-05-14,C,13.00,584.00,9.00,,,,,,,4.00,104.00,,,,
93,2020-05-14,D,3.00,276.00,3.00,,,,,,,3.00,63.00,,,,
93,2020-05-14,E,12.00,484.00,10.00,,,,,,,2.00,115.00,,,,
94,2020-05-14,0,3.00,149.00,1.00,2.00,1.00,82.00,67.00,1.00,,,12.00,,,4.00,8.00
94,2020-05-14,A,,14.00,,,,,,,,,2.00,,,,
94,2020-05-14,B,1.00,52.00,,,,,,,,,5.00,,,,
94,2020-05-14,C,1.00,46.00,1.00,,,,,,,,3.00,,,,
94,2020-05-14,D,,15.00,,,,,,,,,2.00,,,,
94,2020-05-14,E,1.00,22.00,,,,,,,,,,,,,
01,2020-05-15,0,1.00,146.00,1.00,,1.00,62.00,84.00,,1.00,,,,,,
01,2020-05-15,A,,34.00,,,,,,,,,,,,,
01,2020-05-15,B,1.00,59.00,1.00,,,,,,,,,,,,
01,2020-05-15,C,,21.00,,,,,,,,,,,,,
01,2020-05-15,D,,16.00,,,,,,,,,,,,,
01,2020-05-15,E,,16.00,,,,,,,,,,,,,
02,2020-05-15,0,,,,,,,,,,,82.00,,,20.00,62.00
02,2020-05-15,A,,,,,,,,,,,6.00,,,,
02,2020-05-15,B,,,,,,,,,,,28.00,,,,
02,2020-05-15,C,,,,,,,,,,,13.00,,,,
02,2020-05-15,D,,,,,,,,,,,12.00,,,,
02,2020-05-15,E,,,,,,,,,,,23.00,,,,
03,2020-05-15,0,3.00,141.00,2.00,2.00,1.00,76.00,65.00,2.00,,,,,,,
03,2020-05-15,A,,35.00,,,,,,,,,,,,,
03,2020-05-15,B,1.00,66.00,,,,,,,,,,,,,
03,2020-05-15,C,1.00,34.00,1.00,,,,,,,,,,,,
03,2020-05-15,D,,4.00,,,,,,,,,,,,,
03,2020-05-15,E,1.00,2.00,1.00,,,,,,,,,,,,
04,2020-05-15,0,,338.00,,,,188.00,150.00,,,,,,,,
04,2020-05-15,A,,47.00,,,,,,,,,,,,,
04,2020-05-15,B,,117.00,,,,,,,,,,,,,
04,2020-05-15,C,,97.00,,,,,,,,,,,,,
04,2020-05-15,D,,34.00,,,,,,,,,,,,,
04,2020-05-15,E,,43.00,,,,,,,,,,,,,
06,2020-05-15,0,28.00,110.00,3.00,11.00,17.00,56.00,54.00,1.00,2.00,,,,,,
06,2020-05-15,A,1.00,24.00,,,,,,,,,,,,,
06,2020-05-15,B,20.00,64.00,2.00,,,,,,,,,,,,
06,2020-05-15,C,4.00,12.00,,,,,,,,,,,,,
06,2020-05-15,D,3.00,7.00,1.00,,,,,,,,,,,,
06,2020-05-15,E,,3.00,,,,,,,,,,,,,
07,2020-05-15,0,,22.00,,,,15.00,7.00,,,,,,,,
07,2020-05-15,A,,1.00,,,,,,,,,,,,,
07,2020-05-15,B,,10.00,,,,,,,,,,,,,
07,2020-05-15,C,,8.00,,,,,,,,,,,,,
07,2020-05-15,D,,2.00,,,,,,,,,,,,,
07,2020-05-15,E,,1.00,,,,,,,,,,,,,
08,2020-05-15,0,,18.00,,,,9.00,9.00,,,,,,,,
08,2020-05-15,A,,1.00,,,,,,,,,,,,,
08,2020-05-15,B,,10.00,,,,,,,,,,,,,
08,2020-05-15,C,,5.00,,,,,,,,,,,,,
08,2020-05-15,D,,2.00,,,,,,,,,,,,,
08,2020-05-15,E,,,,,,,,,,,,,,,
11,2020-05-15,0,300.00,4900.00,40.00,130.00,170.00,2510.00,2390.00,16.00,24.00,46.00,806.00,18.00,28.00,337.00,469.00
11,2020-05-15,A,5.00,775.00,,,,,,,,7.00,142.00,,,,
11,2020-05-15,B,131.00,1846.00,1.00,,,,,,,25.00,282.00,,,,
11,2020-05-15,C,106.00,1174.00,8.00,,,,,,,10.00,160.00,,,,
11,2020-05-15,D,19.00,430.00,5.00,,,,,,,1.00,71.00,,,,
11,2020-05-15,E,38.00,674.00,26.00,,,,,,,3.00,147.00,,,,
24,2020-05-15,0,35.00,1109.00,12.00,13.00,22.00,553.00,556.00,6.00,6.00,11.00,223.00,4.00,7.00,96.00,127.00
24,2020-05-15,A,1.00,119.00,,,,,,,,3.00,26.00,,,,
24,2020-05-15,B,7.00,349.00,,,,,,,,2.00,112.00,,,,
24,2020-05-15,C,9.00,268.00,2.00,,,,,,,5.00,50.00,,,,
24,2020-05-15,D,4.00,126.00,2.00,,,,,,,1.00,13.00,,,,
24,2020-05-15,E,14.00,247.00,8.00,,,,,,,,20.00,,,,
27,2020-05-15,0,44.00,1417.00,17.00,16.00,28.00,733.00,684.00,9.00,8.00,9.00,151.00,7.00,2.00,80.00,71.00
27,2020-05-15,A,2.00,174.00,1.00,,,,,,,,17.00,,,,
27,2020-05-15,B,13.00,441.00,,,,,,,,4.00,69.00,,,,
27,2020-05-15,C,15.00,307.00,4.00,,,,,,,2.00,31.00,,,,
27,2020-05-15,D,4.00,191.00,2.00,,,,,,,1.00,13.00,,,,
27,2020-05-15,E,10.00,304.00,10.00,,,,,,,2.00,21.00,,,,
28,2020-05-15,0,29.00,1480.00,22.00,16.00,13.00,790.00,690.00,14.00,8.00,20.00,267.00,10.00,10.00,124.00,143.00
28,2020-05-15,A,1.00,247.00,,,,,,,,1.00,41.00,,,,
28,2020-05-15,B,6.00,446.00,3.00,,,,,,,11.00,108.00,,,,
28,2020-05-15,C,8.00,354.00,6.00,,,,,,,4.00,52.00,,,,
28,2020-05-15,D,3.00,168.00,3.00,,,,,,,,25.00,,,,
28,2020-05-15,E,11.00,265.00,10.00,,,,,,,4.00,41.00,,,,
32,2020-05-15,0,59.00,2246.00,16.00,22.00,37.00,1135.00,1109.00,7.00,9.00,17.00,524.00,4.00,13.00,205.00,319.00
32,2020-05-15,A,7.00,376.00,,,,,,,,5.00,115.00,,,,
32,2020-05-15,B,21.00,784.00,3.00,,,,,,,8.00,250.00,,,,
32,2020-05-15,C,17.00,455.00,7.00,,,,,,,4.00,89.00,,,,
32,2020-05-15,D,7.00,270.00,4.00,,,,,,,,25.00,,,,
32,2020-05-15,E,7.00,361.00,2.00,,,,,,,,39.00,,,,
44,2020-05-15,0,75.00,2480.00,20.00,37.00,38.00,1272.00,1208.00,7.00,13.00,33.00,416.00,19.00,14.00,165.00,251.00
44,2020-05-15,A,5.00,389.00,1.00,,,,,,,3.00,75.00,,,,
44,2020-05-15,B,30.00,766.00,2.00,,,,,,,16.00,167.00,,,,
44,2020-05-15,C,24.00,533.00,6.00,,,,,,,10.00,87.00,,,,
44,2020-05-15,D,6.00,286.00,3.00,,,,,,,1.00,31.00,,,,
44,2020-05-15,E,10.00,506.00,8.00,,,,,,,3.00,56.00,,,,
52,2020-05-15,0,39.00,1427.00,29.00,22.00,17.00,777.00,650.00,16.00,13.00,19.00,343.00,10.00,9.00,155.00,188.00
52,2020-05-15,A,2.00,229.00,,,,,,,,,61.00,,,,
52,2020-05-15,B,6.00,453.00,3.00,,,,,,,9.00,120.00,,,,
52,2020-05-15,C,6.00,309.00,3.00,,,,,,,6.00,69.00,,,,
52,2020-05-15,D,8.00,159.00,6.00,,,,,,,1.00,34.00,,,,
52,2020-05-15,E,17.00,277.00,17.00,,,,,,,3.00,59.00,,,,
53,2020-05-15,0,24.00,1423.00,4.00,11.00,13.00,751.00,672.00,2.00,2.00,6.00,202.00,3.00,3.00,90.00,112.00
53,2020-05-15,A,2.00,240.00,,,,,,,,,23.00,,,,
53,2020-05-15,B,11.00,417.00,1.00,,,,,,,5.00,87.00,,,,
53,2020-05-15,C,4.00,297.00,,,,,,,,,48.00,,,,
53,2020-05-15,D,3.00,181.00,,,,,,,,1.00,17.00,,,,
53,2020-05-15,E,4.00,288.00,3.00,,,,,,,,27.00,,,,
75,2020-05-15,0,42.00,2809.00,18.00,22.00,20.00,1443.00,1366.00,8.00,10.00,21.00,766.00,8.00,13.00,311.00,455.00
75,2020-05-15,A,5.00,363.00,,,,,,,,6.00,126.00,,,,
75,2020-05-15,B,10.00,886.00,2.00,,,,,,,9.00,309.00,,,,
75,2020-05-15,C,8.00,593.00,2.00,,,,,,,3.00,148.00,,,,
75,2020-05-15,D,7.00,331.00,6.00,,,,,,,1.00,53.00,,,,
75,2020-05-15,E,12.00,636.00,8.00,,,,,,,2.00,130.00,,,,
76,2020-05-15,0,39.00,2793.00,27.00,13.00,26.00,1401.00,1392.00,10.00,17.00,9.00,286.00,2.00,7.00,117.00,169.00
76,2020-05-15,A,2.00,321.00,,,,,,,,,51.00,,,,
76,2020-05-15,B,5.00,907.00,1.00,,,,,,,5.00,117.00,,,,
76,2020-05-15,C,6.00,629.00,2.00,,,,,,,3.00,59.00,,,,
76,2020-05-15,D,3.00,343.00,3.00,,,,,,,,16.00,,,,
76,2020-05-15,E,23.00,593.00,21.00,,,,,,,1.00,42.00,,,,
84,2020-05-15,0,64.00,3418.00,25.00,27.00,37.00,1833.00,1585.00,14.00,11.00,53.00,660.00,25.00,27.00,272.00,386.00
84,2020-05-15,A,1.00,472.00,,,,,,,,9.00,80.00,,,,
84,2020-05-15,B,18.00,1226.00,1.00,,,,,,,32.00,277.00,,,,
84,2020-05-15,C,16.00,750.00,5.00,,,,,,,8.00,127.00,,,,
84,2020-05-15,D,8.00,362.00,5.00,,,,,,,3.00,61.00,,,,
84,2020-05-15,E,21.00,608.00,14.00,,,,,,,1.00,115.00,,,,
93,2020-05-15,0,33.00,2826.00,26.00,17.00,16.00,1475.00,1350.00,14.00,12.00,35.00,584.00,15.00,20.00,228.00,356.00
93,2020-05-15,A,,407.00,,,,,,,,3.00,97.00,,,,
93,2020-05-15,B,8.00,934.00,6.00,,,,,,,17.00,193.00,,,,
93,2020-05-15,C,12.00,622.00,8.00,,,,,,,7.00,118.00,,,,
93,2020-05-15,D,1.00,327.00,,,,,,,,2.00,50.00,,,,
93,2020-05-15,E,12.00,536.00,12.00,,,,,,,6.00,122.00,,,,
94,2020-05-15,0,5.00,171.00,4.00,3.00,2.00,79.00,92.00,2.00,2.00,1.00,18.00,1.00,,4.00,14.00
94,2020-05-15,A,,19.00,,,,,,,,,2.00,,,,
94,2020-05-15,B,,59.00,,,,,,,,1.00,7.00,,,,
94,2020-05-15,C,3.00,38.00,3.00,,,,,,,,5.00,,,,
94,2020-05-15,D,,23.00,,,,,,,,,1.00,,,,
94,2020-05-15,E,2.00,32.00,1.00,,,,,,,,3.00,,,,
01,2020-05-16,0,,,,,,,,,,,,,,,
01,2020-05-16,A,,,,,,,,,,,,,,,
01,2020-05-16,B,,,,,,,,,,,,,,,
01,2020-05-16,C,,,,,,,,,,,,,,,
01,2020-05-16,D,,,,,,,,,,,,,,,
01,2020-05-16,E,,,,,,,,,,,,,,,
02,2020-05-16,0,,,,,,,,,,,,,,,
02,2020-05-16,A,,,,,,,,,,,,,,,
02,2020-05-16,B,,,,,,,,,,,,,,,
02,2020-05-16,C,,,,,,,,,,,,,,,
02,2020-05-16,D,,,,,,,,,,,,,,,
02,2020-05-16,E,,,,,,,,,,,,,,,
03,2020-05-16,0,,,,,,,,,,,,,,,
03,2020-05-16,A,,,,,,,,,,,,,,,
03,2020-05-16,B,,,,,,,,,,,,,,,
03,2020-05-16,C,,,,,,,,,,,,,,,
03,2020-05-16,D,,,,,,,,,,,,,,,
03,2020-05-16,E,,,,,,,,,,,,,,,
04,2020-05-16,0,,341.00,,,,189.00,152.00,,,,,,,,
04,2020-05-16,A,,37.00,,,,,,,,,,,,,
04,2020-05-16,B,,117.00,,,,,,,,,,,,,
04,2020-05-16,C,,101.00,,,,,,,,,,,,,
04,2020-05-16,D,,39.00,,,,,,,,,,,,,
04,2020-05-16,E,,47.00,,,,,,,,,,,,,
06,2020-05-16,0,13.00,52.00,1.00,5.00,8.00,25.00,27.00,,1.00,,,,,,
06,2020-05-16,A,,12.00,,,,,,,,,,,,,
06,2020-05-16,B,7.00,25.00,,,,,,,,,,,,,
06,2020-05-16,C,6.00,13.00,1.00,,,,,,,,,,,,
06,2020-05-16,D,,2.00,,,,,,,,,,,,,
06,2020-05-16,E,,,,,,,,,,,,,,,
07,2020-05-16,0,,,,,,,,,,,,,,,
07,2020-05-16,A,,,,,,,,,,,,,,,
07,2020-05-16,B,,,,,,,,,,,,,,,
07,2020-05-16,C,,,,,,,,,,,,,,,
07,2020-05-16,D,,,,,,,,,,,,,,,
07,2020-05-16,E,,,,,,,,,,,,,,,
08,2020-05-16,0,,,,,,,,,,,,,,,
08,2020-05-16,A,,,,,,,,,,,,,,,
08,2020-05-16,B,,,,,,,,,,,,,,,
08,2020-05-16,C,,,,,,,,,,,,,,,
08,2020-05-16,D,,,,,,,,,,,,,,,
08,2020-05-16,E,,,,,,,,,,,,,,,
11,2020-05-16,0,151.00,4274.00,21.00,69.00,82.00,2279.00,1994.00,7.00,14.00,54.00,1096.00,23.00,31.00,467.00,629.00
11,2020-05-16,A,10.00,722.00,,,,,,,,7.00,195.00,,,,
11,2020-05-16,B,65.00,1723.00,,,,,,,,27.00,396.00,,,,
11,2020-05-16,C,49.00,995.00,5.00,,,,,,,12.00,228.00,,,,
11,2020-05-16,D,8.00,338.00,2.00,,,,,,,2.00,89.00,,,,
11,2020-05-16,E,19.00,496.00,14.00,,,,,,,6.00,180.00,,,,
24,2020-05-16,0,18.00,997.00,6.00,9.00,9.00,538.00,459.00,2.00,4.00,19.00,294.00,6.00,13.00,120.00,174.00
24,2020-05-16,A,,142.00,,,,,,,,2.00,45.00,,,,
24,2020-05-16,B,5.00,377.00,,,,,,,,13.00,148.00,,,,
24,2020-05-16,C,6.00,213.00,1.00,,,,,,,1.00,41.00,,,,
24,2020-05-16,D,1.00,106.00,1.00,,,,,,,2.00,14.00,,,,
24,2020-05-16,E,6.00,159.00,4.00,,,,,,,1.00,45.00,,,,
27,2020-05-16,0,28.00,1315.00,8.00,13.00,15.00,693.00,622.00,3.00,5.00,22.00,230.00,12.00,10.00,113.00,115.00
27,2020-05-16,A,1.00,207.00,,,,,,,,1.00,33.00,,,,
27,2020-05-16,B,11.00,435.00,3.00,,,,,,,17.00,107.00,,,,
27,2020-05-16,C,11.00,263.00,4.00,,,,,,,4.00,52.00,,,,
27,2020-05-16,D,3.00,170.00,1.00,,,,,,,,15.00,,,,
27,2020-05-16,E,2.00,240.00,,,,,,,,,22.00,,,,
28,2020-05-16,0,20.00,1464.00,16.00,14.00,6.00,782.00,682.00,11.00,5.00,18.00,407.00,9.00,9.00,151.00,256.00
28,2020-05-16,A,,260.00,,,,,,,,2.00,79.00,,,,
28,2020-05-16,B,5.00,528.00,3.00,,,,,,,11.00,148.00,,,,
28,2020-05-16,C,6.00,301.00,5.00,,,,,,,4.00,85.00,,,,
28,2020-05-16,D,3.00,141.00,3.00,,,,,,,,30.00,,,,
28,2020-05-16,E,6.00,234.00,5.00,,,,,,,1.00,65.00,,,,
32,2020-05-16,0,29.00,2043.00,13.00,17.00,12.00,1099.00,944.00,10.00,3.00,19.00,609.00,7.00,12.00,287.00,322.00
32,2020-05-16,A,,381.00,,,,,,,,,112.00,,,,
32,2020-05-16,B,9.00,800.00,2.00,,,,,,,12.00,298.00,,,,
32,2020-05-16,C,9.00,439.00,6.00,,,,,,,3.00,117.00,,,,
32,2020-05-16,D,3.00,161.00,2.00,,,,,,,3.00,28.00,,,,
32,2020-05-16,E,8.00,262.00,3.00,,,,,,,1.00,51.00,,,,
44,2020-05-16,0,49.00,2369.00,19.00,28.00,21.00,1277.00,1092.00,10.00,9.00,35.00,618.00,20.00,15.00,253.00,365.00
44,2020-05-16,A,3.00,451.00,,,,,,,,,115.00,,,,
44,2020-05-16,B,14.00,769.00,4.00,,,,,,,22.00,241.00,,,,
44,2020-05-16,C,15.00,498.00,5.00,,,,,,,6.00,113.00,,,,
44,2020-05-16,D,7.00,251.00,3.00,,,,,,,2.00,49.00,,,,
44,2020-05-16,E,10.00,400.00,7.00,,,,,,,5.00,93.00,,,,
52,2020-05-16,0,16.00,1315.00,9.00,7.00,9.00,735.00,579.00,4.00,5.00,24.00,490.00,14.00,10.00,211.00,279.00
52,2020-05-16,A,,226.00,,,,,,,,6.00,98.00,,,,
52,2020-05-16,B,6.00,451.00,2.00,,,,,,,12.00,189.00,,,,
52,2020-05-16,C,6.00,291.00,3.00,,,,,,,3.00,80.00,,,,
52,2020-05-16,D,2.00,126.00,2.00,,,,,,,,37.00,,,,
52,2020-05-16,E,2.00,221.00,2.00,,,,,,,3.00,85.00,,,,
53,2020-05-16,0,11.00,1347.00,4.00,7.00,4.00,737.00,610.00,3.00,1.00,16.00,415.00,10.00,6.00,179.00,236.00
53,2020-05-16,A,2.00,258.00,,,,,,,,1.00,48.00,,,,
53,2020-05-16,B,3.00,403.00,,,,,,,,7.00,164.00,,,,
53,2020-05-16,C,1.00,291.00,,,,,,,,4.00,97.00,,,,
53,2020-05-16,D,2.00,146.00,2.00,,,,,,,2.00,34.00,,,,
53,2020-05-16,E,3.00,249.00,2.00,,,,,,,2.00,72.00,,,,
75,2020-05-16,0,16.00,2583.00,11.00,9.00,7.00,1350.00,1232.00,6.00,5.00,42.00,1188.00,15.00,27.00,495.00,693.00
75,2020-05-16,A,,381.00,,,,,,,,14.00,248.00,,,,
75,2020-05-16,B,1.00,830.00,,,,,,,,15.00,440.00,,,,
75,2020-05-16,C,5.00,597.00,4.00,,,,,,,9.00,238.00,,,,
75,2020-05-16,D,3.00,267.00,1.00,,,,,,,1.00,105.00,,,,
75,2020-05-16,E,7.00,508.00,6.00,,,,,,,3.00,154.00,,,,
76,2020-05-16,0,30.00,2432.00,17.00,12.00,18.00,1225.00,1207.00,5.00,12.00,21.00,491.00,11.00,10.00,206.00,284.00
76,2020-05-16,A,5.00,321.00,1.00,,,,,,,1.00,99.00,,,,
76,2020-05-16,B,9.00,904.00,2.00,,,,,,,11.00,220.00,,,,
76,2020-05-16,C,4.00,538.00,3.00,,,,,,,5.00,80.00,,,,
76,2020-05-16,D,2.00,260.00,1.00,,,,,,,2.00,39.00,,,,
76,2020-05-16,E,10.00,409.00,10.00,,,,,,,2.00,53.00,,,,
84,2020-05-16,0,40.00,3482.00,7.00,17.00,23.00,1810.00,1672.00,3.00,4.00,69.00,889.00,27.00,40.00,379.00,502.00
84,2020-05-16,A,1.00,594.00,,,,,,,,10.00,135.00,,,,
84,2020-05-16,B,13.00,1276.00,,,,,,,,34.00,346.00,,,,
84,2020-05-16,C,11.00,739.00,1.00,,,,,,,14.00,162.00,,,,
84,2020-05-16,D,6.00,350.00,,,,,,,,5.00,65.00,,,,
84,2020-05-16,E,9.00,523.00,6.00,,,,,,,6.00,181.00,,,,
93,2020-05-16,0,35.00,2640.00,21.00,19.00,16.00,1363.00,1277.00,12.00,9.00,44.00,831.00,18.00,26.00,353.00,478.00
93,2020-05-16,A,,422.00,,,,,,,,8.00,154.00,,,,
93,2020-05-16,B,7.00,909.00,2.00,,,,,,,21.00,285.00,,,,
93,2020-05-16,C,8.00,581.00,3.00,,,,,,,6.00,153.00,,,,
93,2020-05-16,D,9.00,259.00,6.00,,,,,,,5.00,75.00,,,,
93,2020-05-16,E,11.00,469.00,10.00,,,,,,,4.00,162.00,,,,
94,2020-05-16,0,6.00,166.00,6.00,3.00,3.00,97.00,69.00,3.00,3.00,10.00,78.00,3.00,6.00,23.00,45.00
94,2020-05-16,A,,11.00,,,,,,,,1.00,9.00,,,,
94,2020-05-16,B,,61.00,,,,,,,,4.00,31.00,,,,
94,2020-05-16,C,1.00,49.00,1.00,,,,,,,4.00,21.00,,,,
94,2020-05-16,D,1.00,21.00,1.00,,,,,,,1.00,11.00,,,,
94,2020-05-16,E,4.00,24.00,4.00,,,,,,,,6.00,,,,
